Name	TIC_ID	Sector	Author	Exptime	Magnitude	RMS	Max_freq	Max_FAP	log(Alpha)	log(Tau)	Gamma	log(Bias)	Type	TypeColor	bump	lc_q	T-NUV	D(UV)	binarity_filter	A-B	Gamma2	Gamma_Tau	max_slope	max_slope2	CROWDSAP
HD_237204	72696935	19	SPOC	120	8.89109993	8721.2548828125	1.2947075916482085	2.0644959191662382e-27	8.14042028200933	-2.83227073249316	4.885860726432181	6.030784939058592	VC3	4.25	0	0	-3.6989001	-5.7942965	1	2.109635342950739	10.3073844692163	3.6392652548942697	-4.09713998	-8.6434713	0.98866063
HD_237204	72696935	59	SPOC	120	8.89109993	8755.35546875	1.299625764441164	1.0021519674007921e-20	7.858160524806212	-2.8772216611711645	4.999999999999991	5.337101985116032	VC3	4.25	0	0	-3.6989001	-5.7942965	1	2.521058539690181	12.60529269845088	4.381064159415487	-4.48042829	-11.29542201	0.98698068
HD_237204	72696935	86	SPOC	120	8.89109993	8752.552734375	1.3024583125781213	8.542854536757829e-22	8.22945012699852	-2.877526991058473	4.999999999999998	6.091445640671302	VC3	4.25	0	0	-3.6989001	-5.7942965	1	2.138004486327218	10.690022431636086	3.715003356998523	-4.21658285	-9.01507305	0.98946339
HD_237204	72696935	19	TESS-SPOC	1800	8.89109993	8847.1279296875	1.296935533771294	1.0	7.079835419864941	-2.641287784680437	1.6943520992886665	1.6566635440174924e-20	VC3	4.25	0	0	-3.6989001	-5.7942965	1	7.079835419864941	11.99573400626642	4.541623247509076	-1.69337488	-11.98881548	0.97721606
HD_237204	72696935	59	TESS-SPOC	200	8.89109993	9121.484375	1.3027004351010243	3.0727427360746384e-08	7.594182560312469	-2.893432384697026	4.999999999999895	5.167432826269166	VC3	4.25	0	0	-3.6989001	-5.7942965	1	2.4267497340433035	12.133748670216264	4.193548373340267	-4.42446653	-10.73707297	0.97596657
HD_213405	337886863	18	SPOC	120	7.55359983	5230.26318359375	0.3530920601151571	0.0	10.646004155632976	-1.4833100900485816	2.223284660831504	5.88631873387977	VC3	4.25	0	1	-4.9764002	-6.090634	1	4.759685421753207	10.582135588567231	7.1341357815617945	-2.20481873	-10.49424355	0.97775602
HD_213405	337886863	17	SPOC	120	7.55359983	5136.8056640625	0.3519432894987779	0.0	10.51873413788601	-1.7184782338207094	2.807492719156592	6.227857569336349	VC3	4.25	0	1	-4.9764002	-6.090634	1	4.2908765685496615	12.046604725002796	7.010042075551613	-2.76760829	-11.87546558	0.97245288
HD_213405	337886863	16	SPOC	120	7.55359983	4368.39453125	0.3524613702283782	0.0	10.832654897593628	-1.5746615055572346	3.013936063383464	5.546991611819517	VC3	4.25	0	1	-4.9764002	-6.090634	1	5.285663285774111	15.930651195896528	10.116873461169076	-3.00024794	-15.85830038	0.97728598
HD_213405	337886863	24	SPOC	120	7.55359983	4841.18359375	0.351161858677933	0.0	10.59336900126694	-1.4053204673471902	2.237099484608499	6.234126317406218	VC3	4.25	0	1	-4.9764002	-6.090634	1	4.359242683860724	9.752059561348194	6.939384850600705	-2.20770796	-9.62393477	0.98143351
HD_213405	337886863	58	SPOC	120	7.55359983	4686.34228515625	0.351762259547985	0.0	10.415976308379625	-1.58428064918948	2.3968720652330564	5.112605056806684	VC3	4.25	0	1	-4.9764002	-6.090634	1	5.303371251572939	12.71150240445525	8.023516799853908	-2.38620559	-12.65493415	0.96964639
HD_213405	337886863	57	SPOC	120	7.55359983	4650.29931640625	0.3511841200844825	0.0	10.462669910857429	-1.781445106677062	2.8420320165780466	5.474583252998267	VC3	4.25	0	1	-4.9764002	-6.090634	1	4.98808665785916	14.176301983101515	7.95775403349062	-2.82386752	-14.08569591	0.97981793
HD_213405	337886863	85	SPOC	120	7.55359983	5222.0322265625	0.351138498525392	0.0	10.525228584905507	-1.5972750230246635	2.739561678989606	6.575728989292001	VC3	4.25	0	0	-4.9764002	-6.090634	1	3.9494995956135055	10.819897743327708	6.77397291471992	-2.68210263	-10.59296325	0.97338676
HD_213405	337886863	78	SPOC	120	7.55359983	5489.3837890625	0.3518218736961216	0.0	10.337532774920705	-1.8794523061137405	3.2628205745573924	5.470480974625055	VC3	4.25	0	0	-4.9764002	-6.090634	1	4.867051800295648	15.88031675144124	8.449438541102408	-3.23886002	-15.76369951	0.98189521
HD_213405	337886863	77	SPOC	120	7.55359983	5425.525390625	0.35101078054975	0.0	10.637045177082872	-1.726245479317681	3.0032448257768096	5.770640927679786	VC3	4.25	0	1	-4.9764002	-6.090634	1	4.866404249403086	14.615003382158095	8.466352878117226	-2.98117409	-14.50759824	0.98427391
HD_213405	337886863	84	SPOC	120	7.55359983	5137.00537109375	0.3514546267607761	0.0	10.42456133837374	-1.70730874224987	2.9029192135735435	5.213235109981421	VC3	4.25	0	1	-4.9764002	-6.090634	1	5.211326228392319	15.128059036599812	8.86076352931002	-2.88856018	-15.05322945	0.97084278
HD_213405	337886863	16	TESS-SPOC	1800	7.55359983	10786.8330078125	0.3506494838958329	6.424770714096622e-63	9.687966845548376	-1.4947706722547394	2.619026077017169	5.217046472758414	VC3	4.25	0	0	-4.9764002	-6.090634	1	4.470920372789962	11.709457044604232	7.83361438777861	-2.5887441	-11.57406872	0.97519439
HD_213405	337886863	17	TESS-SPOC	1800	7.55359983	12896.59765625	0.3531913152548477	1.3047421262428912e-63	9.832783621371131	-1.4179992460298934	2.36797908607709	5.987727937266163	VC3	4.25	0	0	-4.9764002	-6.090634	1	3.845055684104969	9.105011444762404	6.4210270000175	-2.31204339	-8.88993556	0.96949184
HD_213405	337886863	18	TESS-SPOC	1800	7.55359983	13121.86328125	0.3522034713756702	2.4753442410844606e-114	9.423312478420357	-1.591538274028217	2.32307144912424	6.160322261436736	VC3	4.25	0	1	-4.9764002	-6.090634	1	3.2629902169836207	7.580159411846357	4.762788011789885	-2.21703565	-7.23416564	0.97515172
HD_213405	337886863	24	TESS-SPOC	1800	7.55359983	12634.892578125	0.3498794107301001	2.94314464583552e-82	9.698633607351198	-1.3085095481743465	2.19210829394522	6.548904796560993	VC3	4.25	0	0	-4.9764002	-6.090634	1	3.1497288107902053	6.904546649811423	5.276649803163269	-2.07848432	-6.54666195	0.97908551
HD_213405	337886863	58	TESS-SPOC	200	7.55359983	8017.1376953125	0.3517975153038941	0.0	10.172416665043402	-1.6008837364894146	2.3967939899272586	5.000749957244131	VC3	4.25	0	1	-4.9764002	-6.090634	1	5.171666707799271	12.395419683160185	7.742860646671418	-2.38438603	-12.33124987	0.96682203
HD_213405	337886863	57	TESS-SPOC	200	7.55359983	7886.7900390625	0.351218042449539	0.0	10.297537873361962	-1.7457409232526038	2.7444864868806773	5.082520434059926	VC3	4.25	0	1	-4.9764002	-6.090634	1	5.215017439302036	14.31254489101151	8.198550369286684	-2.73096856	-14.24204865	0.97772467
*_6_Cep	275420565	18	SPOC	120	4.84619999	1808.894287109375	0.5925610153346974	0.0	9.37358524188279	-1.6777615116301223	2.734281975543586	5.377198134362488	VC3	4.25	0	1	-999.0	-999.0	0	3.9963871075203015	10.927249235387528	6.512993151672999	-2.67991705	-10.70998596	0.99924529
*_6_Cep	275420565	17	SPOC	120	4.84619999	750.5428466796875	0.621571035542056	0.0	8.947310742042538	-1.6161629270360671	3.073424006218606	5.098155071916649	VC3	4.25	0	1	-999.0	-999.0	0	3.8491556701258887	11.83008744023737	7.31986066648178	-3.00116231	-11.55194093	0.98906595
*_6_Cep	275420565	16	SPOC	120	4.84619999	422.9494018554688	0.604225507492597	0.0	9.293700909070465	-1.449149064753299	2.458620447053642	4.992973492833451	VC3	4.25	0	1	-999.0	-999.0	0	4.300727416237014	10.573856362764502	7.296596754568227	-2.42408335	-10.42532173	0.99901372
*_6_Cep	275420565	24	SPOC	120	4.84619999	889.3311767578125	0.5965951643521954	0.0	9.548647312524391	-1.5714785948408394	3.0514381664141883	5.504801891993878	VC3	4.25	0	1	-999.0	-999.0	0	4.043845420530513	12.33954425528604	7.852187294053342	-2.99396267	-12.10712222	0.99927634
*_6_Cep	275420565	58	SPOC	120	4.84619999	485.5140380859375	0.5826927305421175	0.0	9.013784267016584	-1.5171415130221808	2.4544584512491743	4.648937483286027	VC3	4.25	0	1	-999.0	-999.0	0	4.364846783730557	10.713335076735245	7.061526551596385	-2.42241724	-10.5734801	0.99929649
*_6_Cep	275420565	56	SPOC	120	4.84619999	411.3016662597656	0.5559356373521858	0.0	8.800503673974719	-1.6434560976679844	3.225538215815519	3.9319905887255513	VC3	4.25	0	1	-999.0	-999.0	0	4.868513085249168	15.703575010669107	9.555214181231866	-3.20189112	-15.58844881	0.99928159
*_6_Cep	275420565	85	SPOC	20	4.84619999	439.5211791992188	0.5198053395433933	0.0	9.644102522838963	-1.6558014357357584	2.316895325949849	5.302845094821135	VC3	4.25	0	1	-999.0	-999.0	0	4.341257428017829	10.058239043719572	6.074544221692968	-2.28582286	-9.92334545	0.99932057
*_6_Cep	275420565	85	SPOC	120	4.84619999	638.6828002929688	0.5218332119169151	0.0	9.317944185710832	-1.5430868657623749	2.785193429068721	4.970906052086616	VC3	4.25	0	1	-999.0	-999.0	0	4.347038133624216	12.107342045681326	7.846183072590404	-2.7480866	-11.94603725	0.99932057
*_6_Cep	275420565	83	SPOC	120	4.84619999	760.8983154296875	0.5899264980345593	0.0	9.6806615137189	-1.1780689465146963	1.814900356270828	5.115359144982396	VC3	4.25	0	0	-999.0	-999.0	0	4.565302368736504	8.285568895503935	7.033178253290434	-1.79606533	-8.1995813	0.99932289
*_6_Cep	275420565	78	SPOC	120	4.84619999	1469.82958984375	1.1856656099902014	0.0	9.270504695101934	-1.663665409544179	2.555582836129396	4.474923582284746	VC3	4.25	0	1	-999.0	-999.0	0	4.795581112817188	12.255504781181912	7.3665682479626415	-2.53521281	-12.15781866	0.9993391
*_6_Cep	275420565	77	SPOC	120	4.84619999	1338.576171875	0.0855248161153645	0.0	9.420813136847803	-1.6830042787850072	2.555255602512976	4.94358318098121	VC3	4.25	0	0	-999.0	-999.0	0	4.477229955866593	11.440466928467036	6.797645777066072	-2.52592356	-11.30914063	0.99286395
*_6_Cep	275420565	76	SPOC	120	4.84619999	1505.7310791015625	0.0517064149174581	0.0	9.693025953529707	-1.756359471023217	2.507558033159823	5.421568704646935	VC3	4.25	0	0	-999.0	-999.0	0	4.271457248882774	10.710926937734756	6.098368309247537	-2.47113508	-10.55534787	0.99907339
*_6_Cep	275420565	16	TESS-SPOC	1800	4.84619999	4492.74169921875	0.6026191830408456	1.0797936218518488e-87	8.717379081534915	-1.3470534001934749	2.714036076300413	4.745315308916446	VC3	4.25	0	1	-999.0	-999.0	0	3.972063772618469	10.780324376252446	8.00289311077355	-2.65855704	-10.55995811	0.99872965
*_6_Cep	275420565	17	TESS-SPOC	1800	4.84619999	2858.854248046875	0.6214321153535741	1.436167384718754e-109	7.543648417690497	-1.8455227897174336	4.1563662753446025	4.638220246321065	VC3	4.25	0	0	-999.0	-999.0	0	2.905428171369432	12.076023666916043	6.5434161713955294	-3.87340986	-11.25391413	0.98872006
*_6_Cep	275420565	18	TESS-SPOC	1800	4.84619999	5407.72119140625	0.594702121474674	2.6719733861103387e-70	8.200743801473386	-1.830226683807846	3.62305395409731	5.502082627154126	VC3	4.25	0	0	-999.0	-999.0	0	2.698661174319261	9.777395038386288	5.342177078330046	-3.3130612	-8.94082964	0.99898201
*_6_Cep	275420565	24	TESS-SPOC	1800	4.84619999	5601.740234375	0.5957382195771157	1.2557132211617328e-160	9.14126515240146	-1.391431638983183	3.697227955307793	5.389823414300391	VC3	4.25	0	0	-999.0	-999.0	0	3.75144173810107	13.869935266815732	9.96810398601506	-3.6000867	-13.5055155	0.99903595
*_6_Cep	275420565	58	TESS-SPOC	200	4.84619999	1146.5982666015625	0.5821820849171767	0.0	8.672485345425331	-1.6225999670515263	2.420238600734113	4.76451262941691	VC3	4.25	0	0	-999.0	-999.0	0	3.907972716008421	9.458226417899311	5.829056212225944	-2.36701876	-9.25024473	0.99908781
*_6_Cep	275420565	56	TESS-SPOC	200	4.84619999	1065.77001953125	0.5541607004894897	0.0	8.712732949507323	-1.5692882640094157	2.608889037898033	4.086851111382647	VC3	4.25	0	0	-999.0	-999.0	0	4.625881838124677	12.068412418095074	7.690373206042574	-2.58362912	-11.95156301	0.99903208
V*_V454_Vel	180730928	8	SPOC	120	7.5237999	27934.544921875	1.7060667085013663	0.0	9.925659522159478	-2.1715468698236746	2.8608165680335653	6.475283835824333	VC3	4.25	0	0	-999.0	-999.0	0	3.4503756863351445	9.870891929407763	4.545557853977733	-2.75509695	-9.50611952	0.92458498
V*_V454_Vel	180730928	61	SPOC	120	7.5237999	26985.212890625	1.7039784775056712	5.8809757624272245e-204	9.544896389604066	-2.388049778384565	3.8758894898254552	6.333692261831942	VC3	4.25	0	0	-999.0	-999.0	0	3.211204127772124	12.446272328516091	5.211898194574309	-3.68837655	-11.84412999	0.93597049
V*_V454_Vel	180730928	62	SPOC	120	7.5237999	27375.7890625	1.7075363598444009	1.649294920471111e-185	9.447009728000465	-2.3688457962495293	3.8152560823541366	6.008579826090336	VC3	4.25	0	0	-999.0	-999.0	0	3.438429901910129	13.118490597010958	5.537925101659543	-3.67235058	-12.62712004	0.92619038
V*_V454_Vel	180730928	8	TESS-SPOC	1800	7.5237999	29384.5625	1.707167083024299	3.890263610286658e-46	9.022869543862331	-2.1859572671553478	3.803433659749222	6.781498711421724	VC3	4.25	0	0	-999.0	-999.0	0	2.241370832440607	8.524905268084739	3.899849917550519	-3.2692887	-7.32768832	0.92296714
V*_V454_Vel	180730928	61	TESS-SPOC	200	7.5237999	27454.90234375	1.7025646509304682	4.4142622899260186e-139	9.387385434941589	-2.400903485856931	4.999999999999997	6.454109156576068	VC3	4.25	0	0	-999.0	-999.0	0	2.9332762783655197	14.666381391827588	6.108692614352576	-4.66998432	-13.69835424	0.93456161
V*_V454_Vel	180730928	62	TESS-SPOC	200	7.5237999	27635.744140625	1.705274881756511	1.9284823832672685e-129	9.342192734086712	-2.354404117286113	3.4491088869540363	6.201785334198783	VC3	4.25	0	0	-999.0	-999.0	0	3.1404073998879296	10.831607071609676	4.60057260012572	-3.26845351	-10.26427557	0.92472309
HD_34921	143681075	19	SPOC	120	7.02769995	1630.3592529296875	1.4889698580251025	0.0	9.033582141655858	-1.7740302074764769	2.8091499955628665	5.170702165508892	VC3	4.25	0	1	-999.0	-999.0	0	3.862879976146965	10.851409267853134	6.116812003606777	-2.74412514	-10.60022604	0.99481875
HD_34921	143681075	59	SPOC	120	7.02769995	2532.307373046875	1.3797412663051478	0.0	9.11416800576018	-2.0892388386136003	4.054870659091506	4.674927705744974	VC3	4.25	0	1	-999.0	-999.0	0	4.439240300015205	18.00054524118823	8.615838892375383	-4.00625595	-17.78473286	0.99558645
HD_34921	143681075	73	SPOC	120	7.02769995	4785.20703125	1.407836509026759	0.0	9.274623391066248	-2.068949034471959	3.176228600629228	5.107967328644818	VC3	4.25	0	1	-999.0	-999.0	0	4.1666560624214295	13.234252154448107	6.396606167645777	-3.12422553	-13.01757322	0.99561018
HD_34921	143681075	86	SPOC	120	7.02769995	3842.195556640625	1.4737070725671568	0.0	9.78972665734196	-1.8490168959262363	3.3348617209801974	5.481870520300546	VC3	4.25	0	1	-999.0	-999.0	0	4.307856137041415	14.366104530909038	7.769590728219148	-3.28839598	-14.16593679	0.99560452
HD_34921	143681075	19	TESS-SPOC	1800	7.02769995	3049.148681640625	1.4866641236079794	1.3485034683812943e-80	8.097434191475202	-1.6627747334550411	2.785853021857836	4.882812963298558	VC3	4.25	0	0	-999.0	-999.0	0	3.214621228176644	8.955462262644252	5.385854188459975	-2.65159143	-8.52386211	0.99357712
HD_34921	143681075	59	TESS-SPOC	200	7.02769995	4139.1728515625	1.379975155242697	0.0	9.246915689704638	-1.9216320993144784	3.597807646038536	4.599055746743209	VC3	4.25	0	1	-999.0	-999.0	0	4.6478599429614285	16.72210604050286	8.702033051211153	-3.56383902	-16.56422461	0.99432129
