Name	TIC_ID	Sector	Author	Exptime	Magnitude	RMS	Max_freq	Max_FAP	log(Alpha)	log(Tau)	Gamma	log(Bias)	Type	TypeColor	bump	lc_q	T-NUV	D(UV)	binarity_filter	A-B	Gamma2	Gamma_Tau	max_slope	max_slope2	CROWDSAP
TYC_8170-690-1	75311623	9	SPOC	120	10.40950012	1466.1123046875	0.1908570444900117	0.0	8.752102483405528	-1.4401523802623688	2.601802238640954	6.074474508850577	VC1	3.75	0	1	-999.0	-999.0	0	2.6776279745549507	6.966658458444714	4.837445366146268	-2.37398222	-6.35664121	0.88280624
TYC_8170-690-1	75311623	8	SPOC	120	10.40950012	1378.0037841796875	0.1943003643698973	0.0	8.824196192849762	-1.384680129951009	2.425483620033817	6.0464485200422455	VC1	3.75	0	1	-999.0	-999.0	0	2.777747672807516	6.737381480981685	4.865659104402732	-2.23527894	-6.20904088	0.88556814
TYC_8170-690-1	75311623	9	TESS-SPOC	1800	10.40950012	1023.2296752929688	0.1898546429922087	0.0	7.81701022058033	-1.3519852507950294	2.729384879048822	5.095605610670496	VC1	3.75	0	1	-999.0	-999.0	0	2.7214046099098343	7.42776059206166	5.493965697993966	-2.50162803	-6.80794205	0.86379021
TYC_8170-690-1	75311623	8	TESS-SPOC	1800	10.40950012	674.6821899414062	0.1951519765221998	8.94017999838867e-249	8.009342968529213	-1.3351386447862816	2.699957942447958	5.225871878938802	VC1	3.75	0	1	-999.0	-999.0	0	2.7834710895904102	7.515254875913899	5.628819827259873	-2.48956336	-6.92962765	0.86556494
TYC_8170-690-1	75311623	63	TESS-SPOC	200	10.40950012	1106.2689208984375	0.1941387564759576	0.0	8.004816071699912	-1.586270857846753	2.391977399397053	5.852591789641202	VC1	3.75	0	0	-999.0	-999.0	0	2.15222428205871	5.148071841117982	3.245392686660155	-2.02277059	-4.35345597	0.87050146
TYC_8170-690-1	75311623	62	TESS-SPOC	200	10.40950012	1175.4915771484375	0.1874699177243576	0.0	8.825507527798207	-1.4118550548104918	2.377363704822833	5.829351643309208	VC1	3.75	0	1	-999.0	-999.0	0	2.9961558844889997	7.122952253775499	5.0451016409270055	-2.23105995	-6.68460338	0.86486298
HD_15629	49720925	18	SPOC	120	7.99639988	1856.5474853515625	0.6890717129751222	1.448316927201461e-249	8.6710641853534	-2.1680930213687613	2.711393030031657	5.361173111209028	VC1	3.75	0	1	-999.0	-999.0	0	3.309891074144372	8.974415588599044	4.139312981568159	-2.59399382	-8.585837	0.98360473
HD_15629	49720925	18	TESS-SPOC	1800	7.99639988	2175.285888671875	0.1003551566334356	1.9410046870636078e-15	7.590449022158232	-2.065871403602937	2.3846095046066083	6.253444236029217e-12	VC1	3.75	0	1	-999.0	-999.0	0	7.590449022151978	18.100256882455543	8.761560303747945	-2.3838454	-18.09445698	0.97806704
HD_15629	49720925	58	TESS-SPOC	200	7.99639988	1867.2291259765625	0.3463759527868696	1.0927520794348097e-107	8.351791080162618	-2.2661818248030574	3.0044283142821464	4.770069122334068	VC1	3.75	0	1	-999.0	-999.0	0	3.58172195782855	10.76102686398618	4.748527565709062	-2.90873057	-10.41826416	0.97970361
LS_II_+25_15	435781776	14	SPOC	120	10.59770012	2920.114501953125	1.4748645168949972	0.0	8.562842090941137	-2.228551020811545	4.673279598896063	6.262433693294267	VC1	3.75	0	1	-999.0	-999.0	0	2.30040839764687	10.7504516338523	4.82396477956221	-4.05705092	-9.332874	0.95954728
LS_II_+25_15	435781776	41	SPOC	120	10.59770012	2375.14013671875	1.4724337715033513	0.0	8.533862075937808	-2.066714488251185	3.221726468605508	6.076989427583053	VC1	3.75	0	1	-999.0	-999.0	0	2.4568726483547554	7.915371641197428	3.829929913490502	-2.86277821	-7.03348147	0.92345482
LS_II_+25_15	435781776	54	SPOC	120	10.59770012	2398.96142578125	1.47735105884522	0.0	8.699416826791783	-2.0381026063336045	3.4300113590681764	6.156194526720812	VC1	3.75	0	1	-999.0	-999.0	0	2.543222300070971	8.723281377878925	4.280099221094399	-3.08208379	-7.83842422	0.90488625
LS_II_+25_15	435781776	81	SPOC	120	10.59770012	2507.365478515625	1.4761319614237425	0.0	8.769758066611338	-1.9604117276051327	2.9319556940885407	6.071420852514292	VC1	3.75	0	1	-999.0	-999.0	0	2.6983372140970463	7.911405159442845	4.03558346853369	-2.68100472	-7.23425482	0.91892481
LS_II_+25_15	435781776	14	TESS-SPOC	1800	10.59770012	3582.814697265625	1.4762094816623843	2.2537369308670044e-184	7.498187696512253	-2.211037281649432	4.825334490169141	5.453871862695073	VC1	3.75	0	1	-999.0	-999.0	0	2.04431583381718	9.864507701716922	4.46148411136605	-3.99128441	-8.15944592	0.92420858
LS_II_+25_15	435781776	41	TESS-SPOC	600	10.59770012	2717.059326171875	1.4731263207392398	0.0	7.680063187311343	-2.164674415463295	3.733409029532901	5.455984485428052	VC1	3.75	0	1	-999.0	-999.0	0	2.2240787018832915	8.303395508002893	3.835863466897287	-3.19936697	-7.11564394	0.88336498
LS_II_+25_15	435781776	54	TESS-SPOC	600	10.59770012	2751.273681640625	1.4762264936081897	0.0	8.182489092679978	-1.9965358325775475	3.497402037701692	5.554985583161956	VC1	3.75	0	1	-999.0	-999.0	0	2.6275035095180224	9.18943612825668	4.602690309040447	-3.17384994	-8.33930187	0.86162013
*_73_Ori	434408053	6	SPOC	120	5.41677999	191.2306671142578	0.135494067143755	0.0	7.01637485430617	-1.4326887133193116	2.483618810637539	4.317283562228703	VC1	3.75	0	1	-999.0	-999.0	0	2.6990912920774663	6.703513904631576	4.67897446410435	-2.27121797	-6.13022465	0.9987905
*_73_Ori	434408053	33	SPOC	120	5.41677999	148.5651092529297	0.20511930619692	0.0	6.545171551850395	-1.4163738428352175	1.975198232859384	4.042095894166662	VC1	3.75	0	1	-999.0	-999.0	0	2.5030756576837323	4.944070615770247	3.490653714610745	-1.76589317	-4.42016422	0.99851394
*_73_Ori	434408053	45	SPOC	120	5.41677999	138.86241149902344	0.1323753616176843	0.0	6.647539560012082	-1.470572751588812	2.2643270091401018	4.005606553584932	VC1	3.75	0	1	-999.0	-999.0	0	2.6419330064271502	5.982200262791706	4.0679390097011625	-2.05813583	-5.43745698	0.99885064
*_73_Ori	434408053	44	SPOC	120	5.41677999	193.1952972412109	0.1345408737559626	0.0	6.71376099526284	-1.6051659805236649	2.3346565767386824	4.281374619825729	VC1	3.75	0	1	-999.0	-999.0	0	2.432386375437111	5.678786848583817	3.5378190900427544	-2.06755477	-5.02909206	0.99876821
*_73_Ori	434408053	43	SPOC	120	5.41677999	314.5050048828125	0.1399922322311047	0.0	7.049224619598387	-1.5557045253530752	1.9991458890493576	4.697099863925614	VC1	3.75	0	1	-999.0	-999.0	0	2.352124755672773	4.7022405358344495	3.0225794546475666	-1.74975613	-4.1156447	0.99906248
*_73_Ori	434408053	72	SPOC	120	5.41677999	202.2840881347656	0.1326714892731415	0.0	6.969288602193204	-1.4564690099315905	2.742482039102071	4.353705475714337	VC1	3.75	0	1	-999.0	-999.0	0	2.615583126478868	7.1731897461467335	4.925054839638266	-2.4854356	-6.50086343	0.99892235
*_73_Ori	434408053	71	SPOC	120	5.41677999	190.50048828125	0.1356828216649419	0.0	6.762831039155982	-1.4497041665937365	2.437269518114225	4.312708703253792	VC1	3.75	0	1	-999.0	-999.0	0	2.45012233590219	5.9716084849452296	4.11919108915599	-2.16372878	-5.30140021	0.99902618
*_73_Ori	434408053	87	SPOC	20	5.41677999	395.6470031738281	0.198660678740864	0.0	8.283223451173999	-1.560305992604477	1.801550764934961	5.011742054575372	VC1	3.75	0	0	-999.0	-999.0	0	3.271481396598628	5.893739812512751	3.7772974278428975	-1.72010106	-5.62727861	0.99865502
*_73_Ori	434408053	87	SPOC	120	5.41677999	170.4393768310547	0.1983495287052011	0.0	6.833595375293471	-1.6750827605764889	2.6826312595214463	4.162909945065452	VC1	3.75	0	1	-999.0	-999.0	0	2.670685430228019	7.164464219478167	4.277080743767238	-2.44593561	-6.53232459	0.99865502
*_73_Ori	434408053	6	TESS-SPOC	1800	5.41677999	99.30502319335938	0.1335895706104011	1.221554213707243e-309	6.176461994145466	-1.2380777625789756	2.8038888779142845	3.292424748423461	VC1	3.75	0	1	-999.0	-999.0	0	2.884037245722005	8.086519956770477	6.531512156333271	-2.60841874	-7.52277679	0.99828172
*_73_Ori	434408053	33	TESS-SPOC	600	5.41677999	97.28926849365234	0.1355581579181426	0.0	6.234263294839641	-1.4260104613199327	2.519572897506487	3.5772021982716558	VC1	3.75	0	1	-999.0	-999.0	0	2.6570610965679857	6.694659125931564	4.694677428758065	-2.29391449	-6.09507094	0.99800491
*_73_Ori	434408053	45	TESS-SPOC	600	5.41677999	90.8404312133789	0.1306789025795012	0.0	5.9593553026483885	-1.434248185977153	2.4785484658675694	3.5881332387191884	VC1	3.75	0	1	-999.0	-999.0	0	2.3712220639292	5.877188808783051	4.097748817983635	-2.17564015	-5.15892592	0.99847573
*_73_Ori	434408053	44	TESS-SPOC	600	5.41677999	97.80791473388672	0.1347035322400401	0.0	5.866922182453438	-1.41081826034732	2.521901462658072	3.6620336479408224	VC1	3.75	0	1	-999.0	-999.0	0	2.2048885345126155	5.560511620185378	3.941337999705555	-2.15373368	-4.74874269	0.99830544
*_73_Ori	434408053	43	TESS-SPOC	600	5.41677999	189.137451171875	0.1382497918212162	3.655455884300895e-128	6.1142493678397445	-1.5607291975760869	2.160051412892241	4.147012532384846	VC1	3.75	0	1	-999.0	-999.0	0	1.9672368354548988	4.249332705918015	2.7226585576264624	-1.75560831	-3.45369733	0.99866229
*_73_Ori	434408053	71	TESS-SPOC	200	5.41677999	136.7015838623047	0.1345878140264732	0.0	6.792647173841853	-1.4481913659274597	2.637691597922599	3.991708141282141	VC1	3.75	0	1	-999.0	-999.0	0	2.8009390325597114	7.388013352476205	5.101544952068353	-2.43607877	-6.82330813	0.99861032
*_73_Ori	434408053	72	TESS-SPOC	200	5.41677999	147.45896911621094	0.1366615074925345	0.0	6.631303434152727	-1.4590221167190804	2.6417437007115923	4.079908633470015	VC1	3.75	0	1	-999.0	-999.0	0	2.5513948006827123	6.740131142731864	4.619622324772206	-2.37615168	-6.06250105	0.99842942
HD_239626	329074395	16	SPOC	120	8.90509987	962.16064453125	0.2664483248628397	1.5613514949408264e-124	6.880750712866853	-1.6557447773205023	2.2568013483607663	5.707564783035843	VC1	3.75	0	1	-999.0	-999.0	0	1.1731859298310097	2.647647588320502	1.5990674556770756	-1.35181453	-1.58592979	0.64404839
HD_239626	329074395	15	SPOC	120	8.90509987	924.3548583984376	0.2649267813589022	3.2095236070818285e-200	6.732655574683028	-1.703538873107401	2.377462118289008	5.668633667854877	VC1	3.75	0	1	-999.0	-999.0	0	1.064021906828151	2.529671776513565	1.4849510137090245	-1.33196602	-1.41724102	0.64983559
HD_239626	329074395	17	SPOC	120	8.90509987	953.862060546875	0.2630560326438861	1.0477003845122564e-111	6.990905452002575	-1.5313065608131553	2.0259646762004584	5.697299996778975	VC1	3.75	0	1	-999.0	-999.0	0	1.2936054552235996	2.620798957223226	1.7114789580941443	-1.29528652	-1.67558971	0.64639986
HD_239626	329074395	84	SPOC	120	8.90509987	603.1979370117188	0.2699056035651079	2.878545085128364e-224	6.690793014769457	-1.4847804349706188	2.5051453304583937	5.304762701448706	VC1	3.75	0	1	-999.0	-999.0	0	1.3860303133207506	3.4722073672892626	2.3385325436066724	-1.67456398	-2.32099644	0.97782016
HD_239626	329074395	17	TESS-SPOC	1800	8.90509987	315.4144287109375	0.259289242321867	4.213311990234188e-70	6.129931666540815	-1.4388422559794083	2.4055081505082674	4.626684432732953	VC1	3.75	0	1	-999.0	-999.0	0	1.503247233807862	3.616073473153819	2.513182705141216	-1.69089892	-2.54183913	0.64440662
HD_239626	329074395	16	TESS-SPOC	1800	8.90509987	283.9807434082031	0.270865362542675	8.972041158680187e-40	5.670536782785765	-1.480112885495084	2.311589435942601	4.582371626006036	VC1	3.75	0	1	-999.0	-999.0	0	1.0881651567797297	2.515391080972848	1.6994589437220342	-1.31525066	-1.43120994	0.64344907
HD_239626	329074395	15	TESS-SPOC	1800	8.90509987	280.46685791015625	0.2636678815143767	1.9199885621391755e-66	5.614639412300428	-1.428026740783082	2.122656814234648	4.558876921191421	VC1	3.75	0	1	-999.0	-999.0	0	1.055762491109007	2.241021445965881	1.569313362253273	-1.18282694	-1.24878432	0.64661598
HD_239626	329074395	57	TESS-SPOC	200	8.90509987	508.7001647949219	0.259070566396059	1.7430447017554526e-85	7.007270815763813	-1.8595623053387071	2.406809448778376	5.092304118910787	VC1	3.75	0	1	-999.0	-999.0	0	1.9149666968530257	4.608959940081777	2.4785186959585555	-1.93126761	-3.69831316	0.97011548
HD_239626	329074395	56	TESS-SPOC	200	8.90509987	486.87213134765625	0.0932573311008711	2.590872906333022e-118	6.735361956524986	-1.4725872659898054	2.2160110101643804	5.115348453671189	VC1	3.75	0	1	-999.0	-999.0	0	1.620013502853797	3.589967758938979	2.437864187645252	-1.62771215	-2.63691567	0.97362643
HD_161796	316493106	26	SPOC	120	6.75419998	867.6907348632812	0.2412880200403018	0.0	9.507617400885184	-1.4886307301838002	2.659422425313664	5.325852550961633	VC1	3.75	0	1	-6.0258	-6.034773	1	4.18176484992355	11.121079219275115	7.470676907161526	-2.61662555	-10.94211277	0.99962193
HD_161796	316493106	24	SPOC	120	6.75419998	513.1062622070312	0.2152144104126836	0.0	9.739851041780776	-1.4375162317359576	3.2998957090443524	4.93068266537089	VC1	3.75	0	1	-6.0258	-6.034773	1	4.809168376409886	15.869754089386776	11.039704275354389	-3.27399956	-15.74521514	0.99958187
HD_161796	316493106	25	SPOC	120	6.75419998	519.0426635742188	0.4558161074926281	0.0	9.736061620094338	-1.394203380442555	3.2180077522609896	5.322952766978164	VC1	3.75	0	1	-6.0258	-6.034773	1	4.4131088531161735	14.20141850089945	10.186045092209977	-3.17825534	-14.02598677	0.99959981
HD_161796	316493106	26	TESS-SPOC	1800	6.75419998	2059.2421875	0.0826200434696677	2.83698992507464e-56	8.661527449200292	-1.447513877696882	3.6932036954474223	4.755719113158654	VC1	3.75	0	1	-6.0258	-6.034773	1	3.9058083360416394	14.424945780378328	9.9653246871316	-3.61179162	-14.10696584	0.99937063
HD_161796	316493106	25	TESS-SPOC	1800	6.75419998	2406.326904296875	0.4576983155100801	1.4042106034973873e-58	8.754912140265388	-1.3645446695240682	3.428601007682221	4.727345210885801	VC1	3.75	0	1	-6.0258	-6.034773	1	4.027566929379587	13.808920032578442	10.119800649248644	-3.36281156	-13.54394861	0.99932808
HD_161796	316493106	24	TESS-SPOC	1800	6.75419998	2265.66259765625	0.1172555002066315	1.3233785538030064e-109	8.83069622049099	-1.3585778410736162	3.084138916950422	5.0001086028482025	VC1	3.75	0	1	-6.0258	-6.034773	1	3.830587617642788	11.814064346360526	8.695905371917785	-3.0100775	-11.53036562	0.99932629
HD_95862	304996702	10	SPOC	120	8.74289989	1395.407958984375	0.7075783973615197	0.0	9.05973486416421	-1.7700807148581028	2.347195705482982	5.255545561280648	VC1	3.75	0	1	-999.0	-999.0	0	3.804189302883561	8.929176794572593	5.044502614836066	-2.28911343	-8.70822081	0.96182424
HD_95862	304996702	11	SPOC	120	8.74289989	1466.2169189453125	0.1685387710436839	0.0	8.878568237010802	-1.9392383249398213	2.605030503862673	5.286611335175878	VC1	3.75	0	1	-999.0	-999.0	0	3.591956901834924	9.35715729784004	4.825171397192974	-2.52301093	-9.06254652	0.96077645
HD_95862	304996702	90	SPOC	120	8.74289989	1543.65576171875	0.3152184673418137	0.0	8.85871261765154	-2.0299615043964674	2.8029773913996507	5.193353248690187	VC1	3.75	0	1	-999.0	-999.0	0	3.6653593689613526	10.273919442553565	5.061140036548686	-2.72177179	-9.97627175	0.96565765
HD_95862	304996702	10	TESS-SPOC	1800	8.74289989	2097.11572265625	0.3535335347735659	1.082574054752346e-43	7.977357544636101	-1.676888798046071	2.143512881803871	3.688899422654949	VC1	3.75	0	1	-999.0	-999.0	0	4.288458121981153	9.192365227543036	5.481797742494363	-2.11297694	-9.06141311	0.93922043
HD_95862	304996702	11	TESS-SPOC	1800	8.74289989	1873.73779296875	0.1688924935330508	1.8293290437156845e-51	7.934111159268564	-1.6916363557494598	2.1189216532698563	1.6616641850243193e-11	VC1	3.75	0	1	-999.0	-999.0	0	7.934111159251947	16.811759934788952	9.938164238224058	-2.11846452	-16.80813299	0.93549967
HD_95862	304996702	63	TESS-SPOC	200	8.74289989	1769.4737548828125	0.2092105029553868	0.0	8.671875639612123	-1.9622013777013096	2.6035661787098503	5.096537755312898	VC1	3.75	0	1	-999.0	-999.0	0	3.575337884299225	9.308628793021494	4.743972203264079	-2.52003499	-9.00997658	0.95006096
HD_95862	304996702	64	TESS-SPOC	200	8.74289989	1621.4993896484375	0.321419028710518	0.0	8.898023899364915	-1.7400679730265685	2.3478568686976	5.042999944131871	VC1	3.75	0	1	-999.0	-999.0	0	3.8550239552330448	9.051044472287694	5.2015464985226165	-2.29302186	-8.8396542	0.94137424
HD_36408A	302824830	6	SPOC	120	6.08459997	377.0632019042969	0.3054413973569948	9.170807186818478e-171	6.750624798334747	-1.5694489137577088	1.8739786465184876	4.870465903581531	VC1	3.75	0	1	-999.0	-999.0	0	1.880158894753216	3.523377620829327	2.244977577762219	-1.49029837	-2.80199773	0.63719785
HD_36408A	302824830	44	SPOC	120	6.08459997	279.5273132324219	0.8411247637284616	4.1465116948364e-229	5.909259440336801	-1.9346332930768904	2.009490499741003	4.6230677179500566	VC1	3.75	0	1	-999.0	-999.0	0	1.2861917223867447	2.5845900469816807	1.3359586316593788	-1.27991835	-1.64622039	0.67460167
HD_36408A	302824830	43	SPOC	120	6.08459997	515.659423828125	0.8375117470261029	9.180986048292568e-168	6.762765783599735	-1.5895628871920058	1.6255317228135662	5.1453891791118815	VC1	3.75	0	1	-999.0	-999.0	0	1.6173766044878537	2.629096978331497	1.6539748125195906	-1.19288054	-1.92933708	0.76448214
HD_36408A	302824830	45	SPOC	120	6.08459997	424.48382568359375	0.073650035991803	5.766743651037114e-118	6.596138497688963	-1.595476323237666	2.2248563093752307	4.925395037113102	VC1	3.75	0	1	-999.0	-999.0	0	1.6707434605758609	3.717164129609611	2.3298146612833777	-1.66285598	-2.77820576	0.68868464
HD_36408A	302824830	71	SPOC	120	6.08459997	961.9080810546876	0.060224163048462	0.0	8.93952104646533	-1.501167746662457	2.036422851470475	5.606048603990008	VC1	3.75	0	1	-999.0	-999.0	0	3.3334724424753226	6.788359456603845	4.522052563210468	-1.95055959	-6.50213665	0.73416346
HD_36408A	302824830	6	TESS-SPOC	1800	6.08459997	161.15536499023438	0.308347726017268	4.925486211754592e-29	5.871250898235808	-1.4114560104806728	1.894891618628025	3.746654675418774	VC1	3.75	0	1	-999.0	-999.0	0	2.124596222817034	4.025879575584757	2.852288378589808	-1.59377319	-3.38612451	0.63714135
HD_36408A	302824830	45	TESS-SPOC	600	6.08459997	220.04188537597656	0.8432821208088069	1.6672643375335643e-31	5.821955878615291	-1.7215200105709587	2.1397474780183234	4.284767933161327	VC1	3.75	0	1	-999.0	-999.0	0	1.5371879454539634	3.2891940295252864	1.910633631516368	-1.52434538	-2.34320534	0.68860239
HD_36408A	302824830	44	TESS-SPOC	600	6.08459997	147.05941772460938	0.8375292276623223	3.3817696911089307e-164	5.284425375902332	-1.8219760002700804	2.160799630373782	3.8384214976805264	VC1	3.75	0	1	-999.0	-999.0	0	1.4460038782218056	3.124524645580733	1.7149098808752528	-1.48324826	-2.14478273	0.67449534
HD_36408A	302824830	43	TESS-SPOC	600	6.08459997	274.4919738769531	0.836460704207165	3.30897043881676e-95	6.020661903063743	-1.6995718674106592	2.098383126545936	4.459022856022982	VC1	3.75	0	1	-999.0	-999.0	0	1.5616390470407602	3.2769170260656058	1.9280838244622585	-1.5088867	-2.35633638	0.76440239
HD_36408A	302824830	71	TESS-SPOC	200	6.08459997	520.377197265625	0.1024912551057821	1.3164338088639754e-136	6.784042665613299	-1.802665007807337	1.4551026355922874	5.074099494184035	VC1	3.75	0	1	-999.0	-999.0	0	1.7099431714292637	2.488142815459756	1.380258009493509	-1.10151264	-1.88352402	0.73418564
HD_3191	284141111	17	SPOC	120	8.12530041	6284.13134765625	0.1147997024491034	0.0	9.902592696320392	-1.890520372794316	2.928950135529464	6.138853013356113	VC1	3.75	0	1	-5.6646996	-4.9579694	1	3.763739682964279	11.023805854515848	5.831096037448104	-2.85306237	-10.73818405	0.97755712
HD_3191	284141111	18	SPOC	120	8.12530041	7037.662109375	0.1287615783137795	0.0	10.022837084856157	-1.8383945280374936	2.661832153611476	5.887452057212508	VC1	3.75	0	1	-5.6646996	-4.9579694	1	4.135385027643649	11.007700834145346	5.987670582274953	-2.61666715	-10.82092615	0.96832788
HD_3191	284141111	85	SPOC	120	8.12530041	7973.13818359375	1.6027573090540104	0.0	9.60176788629135	-2.187637255795199	3.975288800386216	6.060223528388594	VC1	3.75	0	1	-5.6646996	-4.9579694	1	3.5415443579027563	14.078661622041816	6.4355557964404255	-3.84277394	-13.60935437	0.96856713
HD_3191	284141111	17	TESS-SPOC	1800	8.12530041	7647.02783203125	0.1109683966202724	2.037467077774987e-62	9.01306053512687	-1.665555295995639	2.280404822473288	6.10581076033514	VC1	3.75	0	0	-5.6646996	-4.9579694	1	2.9072497747917305	6.629706406569442	3.9804781159224873	-2.1254736	-6.17928265	0.97283882
HD_3191	284141111	18	TESS-SPOC	1800	8.12530041	10175.75390625	0.1399311613794461	3.202482186991332e-107	9.657973675541587	-1.5265345184904078	2.3895096769962976	6.169789156893587	VC1	3.75	0	0	-5.6646996	-4.9579694	1	3.4881845186480005	8.33505066245807	5.460112798956301	-2.30490036	-8.03991774	0.96224999
HD_3191	284141111	58	TESS-SPOC	200	8.12530041	10181.5703125	0.1280895449520382	0.0	9.672334528835588	-1.9190058819719336	2.6268878056518	5.8073082500513085	VC1	3.75	0	1	-5.6646996	-4.9579694	1	3.86502627878428	10.152990400262178	5.290755226778753	-2.56623018	-9.91854707	0.9618541
V*_V379_Cep	277502552	17	SPOC	120	6.03539991	589.8971557617188	0.0827359363965043	0.0	10.134773261592056	-1.4363774209272715	3.37042662727879	6.0412717261368	VC1	3.75	0	0	-999.0	-999.0	0	4.093501535455256	13.796846573905006	9.605307332802736	-3.31043862	-13.55128557	0.98937136
V*_V379_Cep	277502552	16	SPOC	120	6.03539991	447.3464965820313	0.2604449460388303	0.0	8.885218507342584	-1.5347019831556783	2.705137357615819	4.3993404675478684	VC1	3.75	0	1	-999.0	-999.0	0	4.485878039794716	12.134916267157106	7.907018040209408	-2.67439069	-11.99699046	0.98601556
V*_V379_Cep	277502552	15	SPOC	120	6.03539991	740.3690795898438	0.1247854697616382	0.0	10.458702163859336	-1.263197647066474	3.147592863183893	5.780509863222863	VC1	3.75	0	0	-999.0	-999.0	0	4.678192300636474	14.725044698085204	11.656960201185615	-3.11889014	-14.59076782	0.9861545
V*_V379_Cep	277502552	57	SPOC	120	6.03539991	1070.2547607421875	0.2416617061234486	0.0	9.668942825959752	-1.5115794960270417	2.422816389578865	4.293181241549308	VC1	3.75	0	1	-999.0	-999.0	0	5.375761584410445	13.024483273178072	8.61647257548211	-2.41289486	-12.97114749	0.99068725
V*_V379_Cep	277502552	56	SPOC	120	6.03539991	436.3046569824219	0.3514998919674728	0.0	8.82326890939426	-1.534821771087107	2.612234986652174	4.27941852063351	VC1	3.75	0	1	-999.0	-999.0	0	4.54385038876075	11.869604959633913	7.733539609114827	-2.58445097	-11.74335853	0.99322754
V*_V379_Cep	277502552	55	SPOC	120	6.03539991	555.004150390625	0.0552251832561729	0.0	10.23634566794792	-1.299266588853438	3.2214615622192264	4.761433863957907	VC1	3.75	0	1	-999.0	-999.0	0	5.474911803990014	17.637217933094153	13.574749081063066	-3.20969005	-17.57276996	0.9932577
V*_V379_Cep	277502552	84	SPOC	120	6.03539991	455.2720642089844	0.2738059347549511	0.0	8.914339315810134	-1.5034758185151005	2.6532508855891	4.51792132114551	VC1	3.75	0	1	-999.0	-999.0	0	4.396417994664624	11.664799937763767	7.758555072262116	-2.61984309	-11.51792531	0.99112618
V*_V379_Cep	277502552	77	SPOC	120	6.03539991	484.8088073730469	0.3759471624037068	0.0	9.054229240749487	-1.459710120421719	2.7011889488215424	4.631341718797215	VC1	3.75	0	1	-999.0	-999.0	0	4.422887521952273	11.947054896178177	8.184539333553843	-2.66819212	-11.80111361	0.99189013
V*_V379_Cep	277502552	76	SPOC	120	6.03539991	508.2349548339844	0.4136241850395257	0.0	8.61916217243096	-1.6617375150647142	2.707456808066477	4.184698169431011	VC1	3.75	0	1	-999.0	-999.0	0	4.434464002999949	12.006119755047932	7.22503984305871	-2.67481863	-11.86138692	0.99104601
V*_V379_Cep	277502552	75	SPOC	120	6.03539991	754.464111328125	0.3664694681618718	0.0	10.34872731988484	-1.250471500853806	2.8706830819979845	5.137989395804831	VC1	3.75	0	1	-999.0	-999.0	0	5.210737924080008	14.958377203381778	11.962189616611324	-2.85647391	-14.88433693	0.99258184
V*_V379_Cep	277502552	82	SPOC	120	6.03539991	440.487060546875	0.3868008613434935	0.0	9.1793244719274	-1.4184799313644347	2.64662114253307	4.4259674338225725	VC1	3.75	0	1	-999.0	-999.0	0	4.753357038104827	12.580335235056609	8.868884893532186	-2.62447904	-12.4750859	0.99337542
V*_V379_Cep	277502552	17	TESS-SPOC	1800	6.03539991	3429.617431640625	0.2142901122457295	6.871595838035889e-41	9.652447990837752	-1.2344731295876632	3.637299074147368	5.158003260882224	VC1	3.75	0	0	-999.0	-999.0	0	4.494444729955528	16.347639655073756	13.242604689608894	-3.59636087	-16.16364517	0.98895311
V*_V379_Cep	277502552	15	TESS-SPOC	1800	6.03539991	4625.537109375	0.2138020866700613	6.480376021803638e-62	9.367497302591104	-1.2723000281257426	3.338713787001959	5.17768718174359	VC1	3.75	0	0	-999.0	-999.0	0	4.189810120847515	13.98857681539394	10.994715480750926	-3.28547677	-13.76552381	0.98542553
V*_V379_Cep	277502552	16	TESS-SPOC	1800	6.03539991	1299.1385498046875	0.364532442585026	3.962609584849485e-34	8.095352393010675	-1.340604219080146	2.574002669881392	4.054411057791179	VC1	3.75	0	0	-999.0	-999.0	0	4.040941335219496	10.40139378568906	7.758735678771743	-2.5253591	-10.20482799	0.98532689
V*_V379_Cep	277502552	56	TESS-SPOC	200	6.03539991	652.1608276367188	0.3533049921712438	0.0	8.904098315064344	-1.4110011137849536	2.576810995630168	4.244830358221035	VC1	3.75	0	1	-999.0	-999.0	0	4.659267956843308	12.006052902781144	8.508889741819829	-2.55279804	-11.89417013	0.99255985
V*_V379_Cep	277502552	57	TESS-SPOC	200	6.03539991	2117.01904296875	0.4068654787246695	0.0	9.6215650042878	-1.471910405094652	2.133835883606165	4.363753928497199	VC1	3.75	0	1	-999.0	-999.0	0	5.257811075790602	11.219305942743922	7.622275040594239	-2.12382978	-11.16669576	0.98998618
V*_V379_Cep	277502552	55	TESS-SPOC	600	6.03539991	3276.68017578125	0.4531013671207756	8.038541259078381e-122	9.296215703158856	-1.3129174515270117	2.85204472600667	4.136200306874663	VC1	3.75	0	1	-999.0	-999.0	0	5.160015396284194	14.716594697085554	11.209078438228664	-2.83708112	-14.63938225	0.9926694
