Name	TIC_ID	Sector	Author	Exptime	Magnitude	RMS	Max_freq	Max_FAP	log(Alpha)	log(Tau)	Gamma	log(Bias)	Type	TypeColor	bump	lc_q	T-NUV	D(UV)	binarity_filter	A-B	Gamma2	Gamma_Tau	max_slope	max_slope2	CROWDSAP	rms1	rms2	rms3	rms4	badAGB
BD+20_307	91373945	17	SPOC	120	8.45172024	649.2464599609375	0.2908266782905246	0.0	8.678382230514229	-1.6520564715800563	2.8960256730551013	5.207785373912165	WD	7.0	0	1	-5.1682798	-5.0361318	1	3.4705968566020644	10.050937597543912	6.083894691524082	-2.79142233	-9.68790158	0.99814785	5072.09228515625	1977.19091796875	507.98138427734375	1141.4494057034478	1
BD+20_307	91373945	43	SPOC	120	8.45172024	505.8342895507813	0.2889614035530437	0.0	8.274472389626283	-1.334134594292422	2.404628784120514	5.131869192107178	WD	7.0	0	1	-5.1682798	-5.0361318	1	3.1426031975191044	7.556794105823604	5.664191707607628	-2.27899003	-7.16196135	0.99736261	5020.7431640625	1902.4476318359375	486.55499267578125	1119.6951663509074	1
BD+20_307	91373945	42	SPOC	120	8.45172024	577.6930541992188	0.2919090692320029	0.0	8.751159657764958	-1.4179783975246718	2.849990254997792	5.227615531614277	WD	7.0	0	1	-5.1682798	-5.0361318	1	3.523544126150681	10.042066422584153	7.0819600919974	-2.7530319	-9.70042938	0.99784875	4278.0546875	2091.92626953125	527.1468505859375	1206.523775909363	1
BD+20_307	91373945	71	SPOC	120	8.45172024	502.9927368164063	0.2849617798516156	0.0	8.674030239397617	-1.2694002443825556	2.304504744688129	5.150917637194108	WD	7.0	0	1	-5.1682798	-5.0361318	1	3.5231126022035086	8.119029707848528	6.3959572591682265	-2.22606584	-7.84268063	0.99900347	4436.08349609375	1893.7401123046875	480.36077880859375	1113.997029178306	1
BD+20_307	91373945	70	SPOC	120	8.45172024	497.69244384765625	0.2796008796288281	0.0	8.161676748730478	-1.4352417220211833	2.763820686580659	5.146209561294389	WD	7.0	0	1	-5.1682798	-5.0361318	1	3.015467187436089	8.33421059234106	5.806834113353662	-2.59735787	-7.83224744	0.9987061	4548.00634765625	1902.0615234375	487.6117858886719	1142.9605332513088	1
BD+20_307	91373945	17	TESS-SPOC	1800	8.45172024	786.3831787109375	0.2923041283601432	1.5296094078313103e-278	8.25673643364698	-1.2467787734374545	2.867804319687669	4.720023481970343	WD	7.0	0	1	-5.1682798	-5.0361318	1	3.5367129516766367	10.142600680313585	8.13504440114082	-2.77168293	-9.80264691	0.99703181	890.9420776367188	539.0090942382812	135.35105895996094	310.36530218315295	1
BD+20_307	91373945	42	TESS-SPOC	600	8.45172024	855.40576171875	0.2922671327610534	0.0	8.111781403475387	-1.3108900664072003	2.6027506522364576	4.602744130789277	WD	7.0	0	1	-5.1682798	-5.0361318	1	3.5090372726861103	9.133149050205814	6.967135753219442	-2.51273847	-8.81729295	0.99784237	1624.294677734375	824.7809448242188	211.22235107421875	488.324704486734	1
BD+20_307	91373945	43	TESS-SPOC	600	8.45172024	591.8939208984375	0.282947823849484	0.0	7.746950373373539	-1.4016835028072183	2.8174465189519213	4.465852383060564	WD	7.0	0	1	-5.1682798	-5.0361318	1	3.281097990312976	9.244318111147438	6.595153679581304	-2.69143768	-8.83087077	0.99735343	1570.9737548828125	843.5032958984375	210.69960021972656	484.52306723868344	1
BD+20_307	91373945	70	TESS-SPOC	200	8.45172024	408.2042846679688	0.2819788439034351	0.0	8.097486452993323	-1.4363487279276212	2.888155139138174	4.911772921955838	WD	7.0	0	1	-5.1682798	-5.0361318	1	3.185713531037485	9.20083490648793	6.405711041888129	-2.74437296	-8.74278608	0.9978168	2967.65283203125	1455.517333984375	372.6528625488281	864.6998636957778	1
BD+20_307	91373945	71	TESS-SPOC	200	8.45172024	429.0690612792969	0.2911120659099038	0.0	8.489268809899267	-1.3584165188309134	2.817668759559275	4.9607127902804	WD	7.0	0	1	-5.1682798	-5.0361318	1	3.5285560196188666	9.942302062834903	7.319037957070408	-2.72235204	-9.60597167	0.99819362	2989.53515625	1508.90234375	383.5157775878906	891.4322767991243	1
EC_05365-4759	220616055	6	SPOC	120	15.86830044	58155.18359375	0.2686935956690233	1.0	8.085480104010129	-2.6898698311583527	8.710095522992034	9.27600049131348	WD	7.0	0	1	1.0083004	-2.6534644	1	-1.1905203873033496	-10.369546295481648	-3.855036468815354	-0.13607117	0.16199551	0.74841338	1
EC_05365-4759	220616055	5	SPOC	120	15.86830044	57152.9609375	8.173471454217488	1.0	8.139893588852363	-5.8331068509517925	13.355778019939748	9.159905966539416	WD	7.0	0	1	1.0083004	-2.6534644	1	-1.0200123776870529	-13.62305889397922	-2.335472200677472	-0.30448474	0.31057821	0.71436739	1
EC_05365-4759	220616055	33	SPOC	120	15.86830044	67131.0625	0.1857687774381171	1.0	8.722833826231035	-2.6602523119364943	1.5106365089502565	9.409077532921469	WD	7.0	0	1	1.0083004	-2.6534644	1	-0.6862437066904334	-1.03666479736392	-0.3896866446511211	-0.07067089	0.04849745	0.53727496	590173.8125	258707.96875	66819.2421875	158998.04676015128	1
EC_05365-4759	220616055	32	SPOC	120	15.86830044	63895.6328125	0.2070071383122131	0.9999999999998392	8.969792035491405	-2.265125332230718	0.7553038966988292	9.349069533107944	WD	7.0	0	1	1.0083004	-2.6534644	1	-0.3792774976165383	-0.2864697718799522	-0.1264697223609406	-0.06572222	0.02492696	0.70459789	529930.75	248478.8125	63580.91015625	149780.08439232336	1
EC_05365-4759	220616055	31	SPOC	120	15.86830044	53431.890625	4.490822623098452	1.0	8.829589293633447	-1.5956120923956412	2.396793317577529	9.205522536440856	WD	7.0	0	1	1.0083004	-2.6534644	1	-0.3759332428074078	-0.9010342842160456	-0.5646950712583526	-0.20990768	0.07891127	0.56020731	432228.53125	205765.53125	52974.76171875	125314.24496933733	1
EC_05365-4759	220616055	87	SPOC	20	15.86830044	161790.953125	0.2398860442619923	1.1728851459773662e-07	11.343714688209763	-1.6463333085729277	2.0041985389787302	10.160959031028812	WD	7.0	0	1	1.0083004	-2.6534644	1	1.1827556571809534	2.370477160090895	1.4398525181669737	-1.20712463	-1.42773349	0.56789643	1438391.75	631798.75	161213.046875	379238.0315938213	1
EC_05365-4759	220616055	87	SPOC	120	15.86830044	65711.4375	0.1592758740311455	0.0001106311158878	10.063667509508887	-1.6127689187533258	2.1890265869727394	9.378023912115662	WD	7.0	0	1	1.0083004	-2.6534644	1	0.6856435973932271	1.500892063881407	0.9306305735614002	-0.90831393	-0.62277963	0.56789643	549700.125	254609.53125	65056.0625	152942.66472664758	1
EC_05365-4759	220616055	5	TESS-SPOC	1800	15.86830044	14680.82421875	8.170954382535102	0.9999999976097398	7.693204238548754	-5.559515987953323	13.191662788189234	7.545037721102734	WD	7.0	0	1	1.0083004	-2.6534644	1	0.14816651744602	1.9545627346482537	0.3515706653031508	-2.85060446	-0.42236414	0.71181798	1
EC_05365-4759	220616055	6	TESS-SPOC	1800	15.86830044	15024.5263671875	2.298775878280301	0.9999999999999984	7.048260430350945	-4.348276745218955	4.8621906007165885	8.02841332604153	WD	7.0	0	1	1.0083004	-2.6534644	1	-0.9801528956905852	-4.76569019669191	-1.0959951438076962	-0.12098531	0.11858411	0.7456044	1
EC_05365-4759	220616055	33	TESS-SPOC	600	15.86830044	30194.5	8.4004255791975	1.0	8.630648583418218	-3.869048575970053	12.131485780072856	7.957920366204883	WD	7.0	0	1	1.0083004	-2.6534644	1	0.6727282172133346	8.161192800977334	2.109353925320296	-4.97193662	-3.34476206	0.53513104	207583.28125	115173.125	29384.67578125	68553.56269653609	1
EC_05365-4759	220616055	32	TESS-SPOC	600	15.86830044	29756.99609375	2.1663825358395523	0.9999815894140076	8.067577753344743	-2.4967571220862315	19.636214303232187	8.699073401788374	WD	7.0	0	1	1.0083004	-2.6534644	1	-0.6314956484436305	-12.400183884397702	-4.966515875615647	-1.02971265	0.65025906	0.70250338	221490.28125	113163.234375	28488.763671875	66130.06828907553	1
EC_05365-4759	220616055	31	TESS-SPOC	600	15.86830044	23546.068359375	2.5553623361102877	1.0	7.361853510172155	-5.587230906331573	22.68532421181343	8.40196027965636	WD	7.0	0	1	1.0083004	-2.6534644	1	-1.040106769484204	-23.595159280651067	-4.223050680420691	-0.49479311	0.51463766	0.55864459	166704.125	89465.953125	22944.267578125	54160.70645974079	1
UCAC4_207-006574	270576160	6	SPOC	120	15.79660034	48858.05078125	0.1469772595728796	0.9981702070074768	9.56896277957652	-1.7568601133853037	2.4236252016309683	9.129660877714176	WD	7.0	0	1	-1.2833997	-0.8574289	1	0.4393019018623452	1.0647031604779942	0.6060261442366129	-0.77290249	-0.33953753	0.77248615	1
UCAC4_207-006574	270576160	33	SPOC	120	15.79660034	44636.16796875	4.274604106921725	1.0	7.688880998157728	-5.903031539879019	27.241741326538573	8.961513403398449	WD	7.0	0	1	-1.2833997	-0.8574289	1	-1.2726324052407207	-34.668722787338325	-5.873037023964275	-0.35414149	0.45069194	0.74866527	325531.9375	173325.828125	44438.796875	105687.71078774329	1
UCAC4_207-006574	270576160	32	SPOC	120	15.79660034	48921.78515625	7.177882239429109	0.9999750376788936	8.366176347122266	-2.6750805269791025	1.2106989049698098	9.128886394117892	WD	7.0	0	1	-1.2833997	-0.8574289	1	-0.7627100469956254	-0.9234122187070758	-0.3451904379678098	-0.04819302	0.0367573	0.70809549	427947.5	189728.34375	48619.40234375	114457.63670972208	1
UCAC4_207-006574	270576160	31	SPOC	120	15.79660034	35308.95703125	0.096344166665129	0.9901345051038892	9.146200353026984	-1.7277421663266044	2.1682898721355923	8.835839793926008	WD	7.0	0	1	-1.2833997	-0.8574289	1	0.3103605591009764	0.672951657008987	0.3894977330094143	-0.58821691	-0.18255933	0.38461328	264032.5625	136839.84375	34989.73046875	82716.96465565871	1
UCAC4_207-006574	270576160	87	SPOC	20	15.79660034	120493.6484375	0.2492933070490147	1.8498955920441045e-27	11.05126954101564	-1.612268572416587	1.8723138031731232	9.906039987996706	WD	7.0	0	1	-1.2833997	-0.8574289	1	1.1452295530189345	2.1442290999191367	1.3299453556334029	-1.1032774	-1.26350588	0.71138042	1105871.625	471890.90625	120081.75	282312.8488109858	1
UCAC4_207-006574	270576160	87	SPOC	120	15.79660034	48543.9140625	1.945741613473836	0.9999999999962644	9.098197706257292	-2.1721705405025613	1.6971328353195323	9.120310629648278	WD	7.0	0	1	-1.2833997	-0.8574289	1	-0.0221129233909866	-0.0375285683717488	-0.0172769898458645	-0.28082074	0.00620977	0.71138042	404220.75	189959.90625	48071.95703125	112152.78826310171	1
UCAC4_207-006574	270576160	6	TESS-SPOC	1800	15.79660034	13659.423828125	1.0170730121999254	0.9999999991869808	7.535592116474643	-3.131702691524947	24.28890399349818	7.888413674363419	WD	7.0	0	1	-1.2833997	-0.8574289	1	-0.3528215578887765	-8.569648946396955	-2.7364184248997345	-2.22391406	0.78464482	0.73412687	1
UCAC4_207-006574	270576160	31	TESS-SPOC	600	15.79660034	16008.7177734375	2.6124077026555748	1.0	7.921973043146455	-1.850354474115688	1.970864151518344	8.152113976104381	WD	7.0	0	1	-1.2833997	-0.8574289	1	-0.2301409329579264	-0.4535765145637638	-0.2451295256713094	-0.22705882	0.05225553	0.37596971	108412.453125	59273.1953125	15439.2900390625	36668.98398980188	1
UCAC4_207-006574	270576160	32	TESS-SPOC	600	15.79660034	23780.515625	7.178666227257112	0.597280437092248	7.431832150834098	-3.5300686915141912	18.33675297458197	8.486926643210456	WD	7.0	0	1	-1.2833997	-0.8574289	1	-1.055094492376358	-19.347007071547235	-5.480631897632708	-0.38693941	0.40825764	0.6806944	173003.828125	89533.84375	23059.44140625	54566.81083798618	1
UCAC4_207-006574	270576160	33	TESS-SPOC	600	15.79660034	20653.30078125	7.304611733971117	1.0	5.2267299432130105	-4.967571567206548	5.599765017105386	8.380432311518804	WD	7.0	0	1	-1.2833997	-0.8574289	1	-3.153702368305794	-17.65999219640119	-3.555055414396791	-0.00098232	0.00309796	0.72733396	157894.203125	79070.875	20090.33203125	46193.714443843644	1
UCAC4_077-007106	391923441	1	SPOC	120	15.28030014	56538.2265625	0.4250342384274856	7.108093949801202e-144	10.98632382413151	-1.5451348100569882	1.9184157411507363	9.24085091717541	WD	7.0	0	1	0.4703001	-2.8029945	1	1.7454729069561008	3.3485427004567185	2.1671524572883167	-1.46843649	-2.56311611	0.11940356	1
UCAC4_077-007106	391923441	6	SPOC	120	15.28030014	48134.7265625	0.3789199026829752	0.9991632393468992	9.298067982854311	-1.826892305624024	2.206550203078125	9.115659705653172	WD	7.0	0	1	0.4703001	-2.8029945	1	0.182408277201139	0.4024930211013042	0.220315680274225	-0.50138214	-0.09145625	0.2272265	1
UCAC4_077-007106	391923441	5	SPOC	120	15.28030014	56534.19921875	0.1495734559682692	0.0001093304803004	10.021404076743051	-1.9221675597787653	1.1982350933553911	9.235859341125924	WD	7.0	0	1	0.4703001	-2.8029945	1	0.7855447356171279	0.9412672696170252	0.4896905396350366	-0.54438168	-0.42763616	0.10750081	1
UCAC4_077-007106	391923441	2	SPOC	120	15.28030014	54453.3984375	0.4006086545974741	6.115913130959535e-90	11.171617402480642	-1.5181249950326576	1.8569957262324408	9.209325877343572	WD	7.0	0	1	0.4703001	-2.8029945	1	1.9622915251370705	3.643966975801677	2.4003076082172594	-1.50751696	-2.95818776	0.13652819	1
UCAC4_077-007106	391923441	3	SPOC	120	15.28030014	45817.77734375	0.1850480021077899	0.5293720815171055	9.397581450483106	-1.686323991440357	1.3585910668242622	9.071017992417309	WD	7.0	0	1	0.4703001	-2.8029945	1	0.3265634580657988	0.4436661968794338	0.2630966523227133	-0.37647706	-0.12294365	0.13261011	1
UCAC4_077-007106	391923441	4	SPOC	120	15.28030014	46901.08203125	0.114055519413723	1.8810293844512338e-86	10.714812361065	-1.4957447991450563	2.0862019030161862	9.091813275938264	WD	7.0	0	1	0.4703001	-2.8029945	1	1.622999085126736	3.385903779984926	2.2636908260822657	-1.53397478	-2.48963967	0.1107735	1
UCAC4_077-007106	391923441	7	SPOC	120	15.28030014	60363.5	0.3859435038042056	2.2870164635296438e-32	10.778971015600415	-1.5093371082877869	1.6366063337172558	9.298184938024866	WD	7.0	0	1	0.4703001	-2.8029945	1	1.4807860775755497	2.4234638734404763	1.6056478437674455	-1.13995376	-1.68802766	0.09852438	1
UCAC4_077-007106	391923441	8	SPOC	120	15.28030014	50822.47265625	0.3208988960872281	5.818871246273322e-18	10.297048132697016	-1.5681302410791744	1.988906220505993	9.15731987492195	WD	7.0	0	1	0.4703001	-2.8029945	1	1.139728257775067	2.2668126215752884	1.445551244528826	-1.16813861	-1.33136058	0.18291017	1
UCAC4_077-007106	391923441	9	SPOC	120	15.28030014	58582.61328125	0.2332217099495357	2.705953574166684e-07	10.30329681454552	-1.6277745488010944	1.9230594844262787	9.24633652860654	WD	7.0	0	1	0.4703001	-2.8029945	1	1.0569602859389793	2.032597502536865	1.2486971884613478	-1.07244366	-1.13353036	0.14769441	1
UCAC4_077-007106	391923441	11	SPOC	120	15.28030014	59934.43359375	0.0887023585301065	1.142222866670141e-34	10.3258369768536	-1.636719707235205	2.277524696936019	9.28731090288153	WD	7.0	0	1	0.4703001	-2.8029945	1	1.0385260739720703	2.365268781883393	1.4451275752516444	-1.2547548	-1.30309557	0.14230579	522687.53125	234846.71875	59644.2109375	139703.91270164316	1
UCAC4_077-007106	391923441	12	SPOC	120	15.28030014	54354.03125	0.2782618849643359	2.0536462594572364e-10	9.981753955012174	-1.6577878674943514	2.5094480446035194	9.19741681399755	WD	7.0	0	1	0.4703001	-2.8029945	1	0.7843371410146229	1.9682533048290605	1.1872769389994144	-1.13890185	-0.89328302	0.20226389	544729.3125	211113.15625	54067.84375	125691.22424093453	1
UCAC4_077-007106	391923441	13	SPOC	120	15.28030014	47535.43359375	0.5782641055508128	0.8468811959207883	9.390420649673633	-1.7902316013492674	2.451325714979974	9.102165450376395	WD	7.0	0	1	0.4703001	-2.8029945	1	0.2882551992972377	0.7066073825139962	0.3947016587023925	-0.64571635	-0.1861311	0.30434221	353006.375	186420.3125	47288.0234375	109540.86024627066	1
UCAC4_077-007106	391923441	10	SPOC	120	15.28030014	47217.94921875	0.9251268652779324	0.01311256263298	9.912040857852883	-1.6942107712426209	1.8197919763253727	9.102816550178108	WD	7.0	0	1	0.4703001	-2.8029945	1	0.8092243076747767	1.4726199021540138	0.8692070237954627	-0.84365444	-0.68270568	0.20986204	400768.0	183866.84375	46794.30078125	109425.64322424479	1
UCAC4_077-007106	391923441	28	SPOC	20	15.28030014	129059.5390625	0.0696881043586531	4.365491996199727e-91	12.002384574667085	-1.5214849899069371	1.669956261009755	9.969083825717467	WD	7.0	0	1	0.4703001	-2.8029945	1	2.033300748949616	3.395523316224234	2.231716604993865	-1.3779763	-2.80184025	0.1035347	1397304.75	505227.9375	128600.4453125	295781.4870655242	1
UCAC4_077-007106	391923441	30	SPOC	120	15.28030014	52088.53515625	0.2022931028228236	1.964698410459225e-06	10.01523811112715	-1.6873615755664235	2.164639341449824	9.177893399128518	WD	7.0	0	1	0.4703001	-2.8029945	1	0.8373447119986324	1.812549305947212	1.074191407575916	-1.02728484	-0.86019153	0.14063621	421076.0	202721.859375	51733.1171875	121272.01237553844	1
UCAC4_077-007106	391923441	28	SPOC	120	15.28030014	55297.01171875	0.2027131762897361	1.7272754401815086e-19	10.456930704397337	-1.6978497788424771	2.0230283037724828	9.228805302994584	WD	7.0	0	1	0.4703001	-2.8029945	1	1.2281254014027514	2.484532447619708	1.4633405608554826	-1.24969014	-1.5347762	0.1035347	516560.75	215278.203125	54883.09765625	129037.6714326098	1
UCAC4_077-007106	391923441	29	SPOC	120	15.28030014	52896.60546875	0.2023079302902881	0.0012486495841861	9.7641140403172	-1.697720548338561	2.294686165693076	9.189098986104275	WD	7.0	0	1	0.4703001	-2.8029945	1	0.5750150542129226	1.3194790899676478	0.7772062906695268	-0.85212224	-0.48998312	0.18614548	399338.03125	205295.25	52588.19921875	124287.88358810272	1
UCAC4_077-007106	391923441	27	SPOC	120	15.28030014	48850.26953125	0.0916368219335229	0.0004954229543323	9.567957859578945	-1.9016884873121296	2.2724325004761736	9.104689495305609	WD	7.0	0	1	0.4703001	-2.8029945	1	0.4632683642733379	1.052746087417168	0.5535849296249001	-0.74542132	-0.34533012	0.30340669	376967.59375	190446.4375	48551.7109375	114222.05946817456	1
UCAC4_077-007106	391923441	33	SPOC	120	15.28030014	55942.046875	0.1064276919441049	0.0001326690991988	9.728749052240174	-1.7335221363548154	1.4563177592569172	9.239546078833236	WD	7.0	0	1	0.4703001	-2.8029945	1	0.4892029734069378	0.712434978053813	0.4109754142233766	-0.49220302	-0.24078718	0.1104523	433836.34375	216168.4375	55513.71875	130604.75297597917	1
UCAC4_077-007106	391923441	32	SPOC	120	15.28030014	57660.75390625	0.1785825845934179	3.818547483567268e-17	10.158097884616367	-1.6605004940814958	1.6717071627716311	9.271805915772298	WD	7.0	0	1	0.4703001	-2.8029945	1	0.8862919688440698	1.481620632623603	0.892273527110969	-0.8250543	-0.731239	0.11011725	507608.15625	221878.3125	57130.76953125	136417.57036245492	1
UCAC4_077-007106	391923441	31	SPOC	120	15.28030014	55388.83203125	0.2044908798956452	0.997298232277908	9.54616702607014	-1.6854160250049308	1.7668825253819145	9.245342383124465	WD	7.0	0	1	0.4703001	-2.8029945	1	0.300824642945674	0.5315218048249651	0.3153653441875931	-0.47330551	-0.14238196	0.106935	472274.96875	215992.96875	55055.86328125	129205.93817236963	1
UCAC4_077-007106	391923441	37	SPOC	120	15.28030014	42500.15625	0.2979827662746281	1.531116783717992e-17	9.744325573884714	-1.762473170591769	2.052194386557402	8.998989388433158	WD	7.0	0	1	0.4703001	-2.8029945	1	0.7453361854515563	1.5295747358817908	0.8678570326084568	-0.89989219	-0.67072221	0.45162591	366521.9375	165253.71875	42186.8984375	99016.12344637202	1
UCAC4_077-007106	391923441	38	SPOC	120	15.28030014	51936.81640625	0.2153887956188729	1.0	8.579010143212878	-1.459993701131272	2.913209235107178	9.18186754768194	WD	7.0	0	1	0.4703001	-2.8029945	1	-0.6028574044690611	-1.756249758152012	-1.2029159829875888	-0.16208116	0.09771183	0.40041071	451474.96875	202058.0	51712.3125	121035.19088942771	1
UCAC4_077-007106	391923441	39	SPOC	120	15.28030014	50702.94140625	0.1449239452394559	0.0103925239405244	9.69586435052578	-2.129508595772815	3.185431005997975	9.155362618409194	WD	7.0	0	1	0.4703001	-2.8029945	1	0.540501732116585	1.7217309762797814	0.808510930501763	-1.13992348	-0.61613062	0.23041391	404419.125	198354.125	50209.83203125	116933.29695209237	1
UCAC4_077-007106	391923441	34	SPOC	120	15.28030014	45022.06640625	7.41100615494227	1.0	8.607427005218614	-2.2384527051949044	1.6482007907499463	9.054203011680062	WD	7.0	0	1	0.4703001	-2.8029945	1	-0.4467760064614481	-0.7363765671378619	-0.3289667748748549	-0.12568352	0.05615238	0.29853725	419370.0	175878.03125	44828.62890625	106019.37068998629	1
UCAC4_077-007106	391923441	36	SPOC	120	15.28030014	54875.71875	0.0904245270636352	2.1591650659931304e-19	10.163796311385616	-1.810981163860252	2.4142948280516032	9.215300958993032	WD	7.0	0	1	0.4703001	-2.8029945	1	0.948495352392582	2.289947423712394	1.264478874441293	-1.24895815	-1.184631	0.15125349	477761.46875	212314.6875	54472.55078125	127517.42677163034	1
UCAC4_077-007106	391923441	67	SPOC	20	15.28030014	115420.75	0.3297502871589487	3.841320865464096e-73	11.88873850639793	-1.4488745489572157	2.0693760719697	9.89067865941646	WD	7.0	0	1	0.4703001	-2.8029945	1	1.9980598469814688	4.134737237706893	2.853757932791867	-1.6940701	-3.38485345	0.26011464	1048428.8125	450818.90625	115164.6015625	269631.16169121064	1
UCAC4_077-007106	391923441	68	SPOC	20	15.28030014	127978.828125	0.563133174700212	1.5882111709916292e-154	12.240809607485929	-1.585172353878374	1.8655641979355435	9.977568340089084	WD	7.0	0	1	0.4703001	-2.8029945	1	2.263241267396843	4.222221879745815	2.6635727461531133	-1.60960316	-3.64292029	0.14749657	1140956.0	500470.1875	127815.3359375	298622.4474233653	1
UCAC4_077-007106	391923441	63	SPOC	20	15.28030014	120857.6640625	0.0585310071303449	3.8306968877366685e-202	12.085676276271254	-1.444524829709974	2.641345621534428	9.915872215934463	WD	7.0	0	1	0.4703001	-2.8029945	1	2.169804060336789	5.7312024543582005	3.967534746708985	-2.24114686	-4.86284956	0.15854116	1208243.375	475055.25	120899.3046875	283809.7813076426	1
UCAC4_077-007106	391923441	64	SPOC	20	15.28030014	105439.59375	0.5033751178722415	7.310547171596988e-07	10.4373388680115	-1.5706113676396851	1.832332812567047	9.808684053630872	WD	7.0	0	1	0.4703001	-2.8029945	1	0.6286548143806261	1.1519048441678674	0.7334117579315308	-0.71908062	-0.45205349	0.27631184	956987.1875	414045.375	105521.6015625	247620.83418905945	1
UCAC4_077-007106	391923441	62	SPOC	20	15.28030014	109379.0390625	0.2890572956767241	3.3065493541200246e-11	10.930447083793531	-1.8330877692395808	2.294447898899644	9.830690083104766	WD	7.0	0	1	0.4703001	-2.8029945	1	1.099757000688765	2.523335139530511	1.3765490021120297	-1.31504579	-1.44623082	0.23477548	933459.25	428874.25	109283.3359375	256383.4235774219	1
UCAC4_077-007106	391923441	61	SPOC	20	15.28030014	126636.65625	0.4744621193283208	3.049805787890205e-156	12.196945880392049	-1.5340281661131128	2.0789672682035696	9.980743095875376	WD	7.0	0	1	0.4703001	-2.8029945	1	2.216202784516671	4.607413048711768	3.0034735674938298	-1.77908501	-3.94281314	0.15938629	1207006.25	497690.875	126789.6953125	294990.84081580583	1
UCAC4_077-007106	391923441	66	SPOC	20	15.28030014	109208.21875	0.0623974512599187	0.0	12.476279308184209	-1.4015628660397257	2.410469192677775	9.842494141696037	WD	7.0	0	1	0.4703001	-2.8029945	1	2.633785166488172	6.348658003951444	4.529699065080323	-2.18900109	-5.76535859	0.2458386	1018959.0625	426182.6875	108637.65625	255236.683134454	1
UCAC4_077-007106	391923441	69	SPOC	20	15.28030014	135556.578125	0.3761116128553733	1.1464249783173836e-146	12.106590096957223	-1.6189832095690118	2.0857414440945257	10.021918251277253	WD	7.0	0	1	0.4703001	-2.8029945	1	2.0846718456799724	4.348086465871746	2.6856896601350466	-1.74011042	-3.62755921	0.12027445	1183457.5	530998.375	135443.0	317147.01036357536	1
UCAC4_077-007106	391923441	63	SPOC	120	15.28030014	49809.4296875	0.1502499424685933	1.2316796412852083e-77	10.71829271768297	-1.5298865677980884	1.7894397702126956	9.131661162634447	WD	7.0	0	1	0.4703001	-2.8029945	1	1.5866315550485233	2.8391816052782413	1.855811839282029	-1.29872288	-2.0605947	0.15854105	392402.0625	193273.484375	49011.37109375	113940.22391816233	1
UCAC4_077-007106	391923441	64	SPOC	120	15.28030014	43831.55078125	0.2266233697591303	2.423534862717195e-06	9.765595263577495	-1.595582155591607	1.8734383052216603	9.039587364944934	WD	7.0	0	1	0.4703001	-2.8029945	1	0.7260078986325631	1.360131007191728	0.8524355843572475	-0.80722655	-0.58605285	0.27631187	372936.8125	171117.296875	43631.96484375	102278.2912784359	1
UCAC4_077-007106	391923441	67	SPOC	120	15.28030014	47648.12890625	0.1099499177996176	7.689555073641551e-77	11.507234675893487	-1.5383748434768816	2.299223810746589	9.090204998437605	WD	7.0	0	1	0.4703001	-2.8029945	1	2.4170296774558846	5.557292185687719	3.6124434881733247	-2.03177332	-4.9108564	0.26011369	388686.375	184121.671875	46896.4921875	110944.35958026622	1
UCAC4_077-007106	391923441	62	SPOC	120	15.28030014	46259.11328125	0.1247669272683297	1.1101035014499266e-07	10.016713990080005	-1.838718596424108	1.9028928920172072	9.08176212496858	WD	7.0	0	1	0.4703001	-2.8029945	1	0.934951865111424	1.7791132584987597	0.967583219073725	-0.97461533	-0.91121842	0.23477559	415698.875	180676.4375	45851.91015625	106272.25598721129	1
UCAC4_077-007106	391923441	69	SPOC	120	15.28030014	54083.2421875	0.3004252179674473	2.0683961980509798e-42	10.767069385883945	-1.918945462411473	1.8795996589805024	9.205770317414713	WD	7.0	0	1	0.4703001	-2.8029945	1	1.5612990684692305	2.934617196661341	1.5292863992984502	-1.3513929	-2.10992847	0.12027404	392743.78125	207832.421875	53028.23046875	125249.20480567991	1
UCAC4_077-007106	391923441	61	SPOC	120	15.28030014	55642.78125	0.1143781392792977	3.8796959348029075e-68	10.599556465344078	-1.875309666761016	1.8815645631866624	9.182450584122046	WD	7.0	0	1	0.4703001	-2.8029945	1	1.4171058812220316	2.666376208390782	1.4218324875358188	-1.27543464	-1.80742593	0.15938629	554214.6875	210002.78125	54179.1875	125628.56244942811	1
UCAC4_077-007106	391923441	68	SPOC	120	15.28030014	49280.59375	0.0962527914064719	0.0	11.016134808166615	-1.8614183925434555	1.6399989452887918	9.094784128498617	WD	7.0	0	1	0.4703001	-2.8029945	1	1.9213506796680024	3.151013088185427	1.6928021667819988	-1.31807948	-2.5324929	0.1474967	394186.5	187501.75	47974.96875	112883.41410923471	1
UCAC4_077-007106	391923441	66	SPOC	120	15.28030014	49236.98046875	0.1518820603633414	9.928202843408732e-247	11.16565958730817	-2.026398370632817	2.39718006858972	9.10371792656646	WD	7.0	0	1	0.4703001	-2.8029945	1	2.0619416607417094	4.942845451724812	2.439226917746301	-1.99038299	-4.10405362	0.24583797	414195.125	185639.796875	47489.41796875	112167.07091327976	1
UCAC4_077-007106	391923441	87	SPOC	20	15.28030014	113090.46875	0.1046791089089091	6.729706423637503e-23	11.139177803068106	-1.6624284037416637	1.9473326431750035	9.847933498477424	WD	7.0	0	1	0.4703001	-2.8029945	1	1.2912443045906823	2.5144821846432426	1.5125356249832134	-1.24352349	-1.60569262	0.20142293	992688.125	443482.25	113029.2578125	266334.6319961966	1
UCAC4_077-007106	391923441	87	SPOC	120	15.28030014	47756.1796875	0.2414076182551486	4.2670786002398604e-14	9.8198503728824	-1.605250063129439	2.2079465141258576	9.08591774174616	WD	7.0	0	1	0.4703001	-2.8029945	1	0.7339326311362395	1.620483994520479	1.009490067461104	-0.95826252	-0.70330014	0.2014226	367146.625	185417.84375	47391.6640625	112038.8599342568	1
UCAC4_077-007106	391923441	90	SPOC	20	15.28030014	107506.15625	0.3259616634855029	1.394065184878919e-20	11.077252086034692	-1.6090040707324134	2.0767574889999394	9.812417964059703	WD	7.0	0	1	0.4703001	-2.8029945	1	1.2648341219749888	2.626753735154221	1.6325339276230242	-1.30824577	-1.65471389	0.19560559	981676.1875	421436.6875	107413.6953125	251339.9423105398	1
UCAC4_077-007106	391923441	88	SPOC	20	15.28030014	99642.6328125	0.0631009946002482	3.5906686405965132e-96	11.393652600955225	-1.6526545249647204	2.21531723072063	9.741989914498632	WD	7.0	0	1	0.4703001	-2.8029945	1	1.651662686456591	3.6589568086456112	2.213987710906319	-1.64513085	-2.71720124	0.31005535	848783.25	390340.4375	99427.2421875	233797.74976686056	1
UCAC4_077-007106	391923441	89	SPOC	20	15.28030014	110578.125	0.4894612399897314	4.427791899573936e-23	11.38311571096173	-1.4390013977283396	2.051570216158084	9.838044791989171	WD	7.0	0	1	0.4703001	-2.8029945	1	1.5450709189725575	3.169821479216099	2.202792495003893	-1.46597108	-2.26502928	0.2203428	1042990.8125	433511.3125	110558.96875	259600.65108139315	1
UCAC4_077-007106	391923441	90	SPOC	120	15.28030014	45532.58984375	0.2767442351318829	0.0001524705129498	10.029332567820491	-1.5740138842409683	2.106613392931912	9.064125773284587	WD	7.0	0	1	0.4703001	-2.8029945	1	0.9652067945359022	2.033317560318211	1.2918040817020693	-1.10309478	-1.06471457	0.19560507	346194.8125	177267.375	45296.453125	106902.77874630925	1
UCAC4_077-007106	391923441	89	SPOC	120	15.28030014	46393.171875	0.0833158989851457	4.6884295382860735e-08	9.82665929429818	-1.554066759922973	1.7980719438152095	9.073110383988393	WD	7.0	0	1	0.4703001	-2.8029945	1	0.7535489103097888	1.354935153920555	0.8718641881174475	-0.79427691	-0.5985265	0.22034247	386723.0	180887.734375	46066.21875	107685.04111780529	1
UCAC4_077-007106	391923441	88	SPOC	120	15.28030014	41817.22265625	0.3050624076908124	1.984038759526793e-09	9.885263340946624	-1.6488009973381537	2.1421546193696743	8.999822497471774	WD	7.0	0	1	0.4703001	-2.8029945	1	0.88544084347485	1.8967511930282304	1.150382123791999	-1.05653625	-0.93550035	0.31003025	330544.78125	161967.28125	41381.94921875	98506.86253290449	1
UCAC4_077-007106	391923441	5	TESS-SPOC	1800	15.28030014	19190.66796875	0.311841835596042	1.5238132157988118e-17	9.700210677021442	-1.488906202608403	2.088944974051467	8.074277581119723	WD	7.0	0	1	0.4703001	-2.8029945	1	1.6259330959017184	3.396484768827837	2.281194586252352	-1.53757286	-2.4999906	0.10737191	1
UCAC4_077-007106	391923441	1	TESS-SPOC	1800	15.28030014	18881.78125	0.4260742703639758	4.899019455609475e-27	9.604599816228996	-1.43437040775749	2.4398726647458022	8.140861142466212	WD	7.0	0	1	0.4703001	-2.8029945	1	1.4637386737627835	3.5713359784450893	2.4898282613265525	-1.68745308	-2.46999033	0.11925575	1
UCAC4_077-007106	391923441	2	TESS-SPOC	1800	15.28030014	17110.8515625	0.1206832433304682	4.894691842042935e-08	9.236471919334225	-1.600848674419424	2.081075134803061	8.097747173806457	WD	7.0	0	1	0.4703001	-2.8029945	1	1.1387247455277674	2.36977175330278	1.4803221511003963	-1.22153749	-1.39099497	0.13634029	1
UCAC4_077-007106	391923441	3	TESS-SPOC	1800	15.28030014	13260.705078125	0.187850042778405	4.7849945802397415e-08	8.901377944693548	-1.509648087848428	2.4874410839655625	7.965976915811454	WD	7.0	0	1	0.4703001	-2.8029945	1	0.9354010288820946	2.32675494922498	1.5412565139873786	-1.27443169	-1.19210471	0.13250762	1
UCAC4_077-007106	391923441	6	TESS-SPOC	1800	15.28030014	12568.478515625	0.3819717523683142	0.9908738493582856	8.150390324668408	-1.6389939301880192	2.3885079639651265	7.954448357630922	WD	7.0	0	1	0.4703001	-2.8029945	1	0.1959419670374851	0.4680089487440255	0.2855464807550186	-0.55343129	-0.10844042	0.2267293	1
UCAC4_077-007106	391923441	4	TESS-SPOC	1800	15.28030014	13500.45703125	0.3665049866591062	2.5261758710054185e-05	8.945439144612793	-1.5619960251759837	1.9457753032701608	7.91746397446098	WD	7.0	0	1	0.4703001	-2.8029945	1	1.0279751701518132	2.00020869845634	1.2805465994902163	-1.06442826	-1.09420582	0.11038701	1
UCAC4_077-007106	391923441	7	TESS-SPOC	1800	15.28030014	17511.533203125	0.3989661373923049	4.3146513218090724e-07	8.92965253786431	-1.780935879945788	2.2392101180148702	8.179282806347384	WD	7.0	0	1	0.4703001	-2.8029945	1	0.7503697315169262	1.6802354950648029	0.9434564792506452	-0.98634031	-0.74011991	0.09836515	1
UCAC4_077-007106	391923441	8	TESS-SPOC	1800	15.28030014	17261.357421875	0.6315684722366083	7.982017847822642e-06	9.274952963702251	-1.5815247900502485	1.8885583030757152	8.082946005396735	WD	7.0	0	1	0.4703001	-2.8029945	1	1.1920069583055175	2.2511746384319133	1.423420393151339	-1.14347471	-1.36302982	0.18227234	1
UCAC4_077-007106	391923441	9	TESS-SPOC	1800	15.28030014	15706.38671875	0.3581095819257731	0.0004330229628918	9.29414718139052	-1.4745196291800802	2.4492953343553148	8.063591807323416	WD	7.0	0	1	0.4703001	-2.8029945	1	1.2305553740671051	3.01399353636842	2.0440511450121406	-1.51500818	-1.86430146	0.14725082	1
UCAC4_077-007106	391923441	10	TESS-SPOC	1800	15.28030014	12938.6123046875	0.1967190808908941	0.0354484301741246	8.520155369726176	-1.4937897393378723	2.0777787966734005	7.957086617311706	WD	7.0	0	1	0.4703001	-2.8029945	1	0.5630687524144697	1.1699323148361298	0.7831974501007795	-0.76185387	-0.42897611	0.20924002	76437.046875	46161.8359375	11536.169921875	26975.503795640518	1
UCAC4_077-007106	391923441	11	TESS-SPOC	1800	15.28030014	15945.75390625	0.1999991783093664	1.5734645703367795e-06	9.238786835107186	-1.5818648202511487	2.295476119667145	8.052092838950562	WD	7.0	0	1	0.4703001	-2.8029945	1	1.186693996156624	2.724027729529905	1.7220357230635028	-1.38566931	-1.64436544	0.14196306	82037.359375	53319.2890625	13421.576171875	32630.374972650297	1
UCAC4_077-007106	391923441	12	TESS-SPOC	1800	15.28030014	14347.349609375	0.3384627735412009	1.3341177190562065e-13	8.85598240674978	-1.6368554043389392	2.2731734030306514	7.984636063065185	WD	7.0	0	1	0.4703001	-2.8029945	1	0.8713463436845945	1.9807213332918248	1.2100771565047066	-1.10878692	-0.96613743	0.2016259	78275.5703125	48889.5625	12402.42578125	29261.604152919434	1
UCAC4_077-007106	391923441	13	TESS-SPOC	1800	15.28030014	12903.017578125	0.5748211107994274	0.9999177624147636	7.350806651356072	-2.1254225000460027	4.922962823857901	7.950772252549936	WD	7.0	0	1	0.4703001	-2.8029945	1	-0.5999656011938646	-2.953608350270951	-1.389657044755583	-0.27553295	0.16531029	0.3033067	77873.0	45445.234375	11683.359375	27619.337392260404	1
UCAC4_077-007106	391923441	28	TESS-SPOC	600	15.28030014	27421.3359375	0.2893564837576854	2.920950567009388e-19	9.654522525303443	-1.8093200629474595	2.023729586339746	8.592502728947988	WD	7.0	0	1	0.4703001	-2.8029945	1	1.0620197963554574	2.149240883163051	1.1878721333923896	-1.13231466	-1.20254058	0.10344044	211064.25	101794.8984375	25706.357421875	60071.31456208325	1
UCAC4_077-007106	391923441	27	TESS-SPOC	600	15.28030014	22857.1640625	1.3698264230319996	0.9559049857880618	8.401869349895572	-2.2201967427577323	4.085389660676474	8.438282394480723	WD	7.0	0	1	0.4703001	-2.8029945	1	-0.0364130445851511	-0.1487614758619279	-0.067003735748729	-0.66018596	0.02403938	0.30252993	159087.4375	85463.6640625	21737.32421875	50909.4837554349	1
UCAC4_077-007106	391923441	30	TESS-SPOC	600	15.28030014	24140.955078125	0.2738117922197706	3.2486603786600314e-09	9.443383896617016	-1.5832036700405845	2.361289771191019	8.495394913769893	WD	7.0	0	1	0.4703001	-2.8029945	1	0.9479889828471232	2.2384766883986904	1.4138905377482534	-1.22108457	-1.15757472	0.14044861	166533.015625	91108.578125	23003.83203125	54403.41212482253	1
UCAC4_077-007106	391923441	32	TESS-SPOC	600	15.28030014	26501.728515625	0.2370205183680788	1.3799666487846171e-08	9.3177509748731	-1.645580282267744	2.1056657389320166	8.590896462046093	WD	7.0	0	1	0.4703001	-2.8029945	1	0.726854512827007	1.5305126448479505	0.9300747349371368	-0.9079921	-0.65997816	0.10987954	165482.40625	100631.3515625	25466.978515625	59777.62516280522	1
UCAC4_077-007106	391923441	33	TESS-SPOC	600	15.28030014	26085.130859375	1.0028404942690734	0.0102453801922576	9.156253943424089	-2.1239904907548457	2.7073716682148143	8.534625113430081	WD	7.0	0	1	0.4703001	-2.8029945	1	0.6216288299940054	1.6829802824712936	0.7923671456142813	-1.05498291	-0.65580779	0.1102325	178515.59375	95060.28125	24314.630859375	56099.675017216396	1
UCAC4_077-007106	391923441	29	TESS-SPOC	600	15.28030014	23693.466796875	0.164715328653864	3.258232388454323e-08	9.438632221687133	-1.6433407025844036	2.234300433185644	8.460108899392994	WD	7.0	0	1	0.4703001	-2.8029945	1	0.978523322294139	2.1863150828840503	1.3304088917445644	-1.18114793	-1.15578079	0.18576467	191336.75	88901.4296875	22707.509765625	53020.878358321075	1
UCAC4_077-007106	391923441	31	TESS-SPOC	600	15.28030014	25401.509765625	0.0786890188735896	0.9991961081756952	8.775745982328917	-1.7931467975572506	2.3476485475510342	8.560588467010573	WD	7.0	0	1	0.4703001	-2.8029945	1	0.215157515318344	0.5051142283317998	0.2816915095963707	-0.55908132	-0.12029055	0.10658115	180919.625	97204.421875	24487.169921875	56948.43827841922	1
UCAC4_077-007106	391923441	34	TESS-SPOC	600	15.28030014	20181.748046875	6.437150679646487	0.9999999999990642	8.218816309940838	-2.0998766358037155	3.289393506182425	8.354211466559844	WD	7.0	0	1	0.4703001	-2.8029945	1	-0.1353951566190065	-0.4453679489511126	-0.2120924350304277	-0.44895264	0.06078601	0.29760614	146635.0	76559.9765625	19465.408203125	44970.053761334544	1
UCAC4_077-007106	391923441	36	TESS-SPOC	600	15.28030014	25523.24609375	1.9041219179852231	0.2121948258962857	8.585310407209397	-2.174195743903666	3.779241737371551	8.542923666701402	WD	7.0	0	1	0.4703001	-2.8029945	1	0.0423867405079949	0.1601897388389519	0.0736776986562115	-0.69415542	-0.02942299	0.15077803	192314.484375	94096.71875	24398.37890625	57256.042668057795	1
UCAC4_077-007106	391923441	37	TESS-SPOC	600	15.28030014	19488.1171875	1.5127126407943785	1.0	8.260731611228803	-2.0550070103421576	2.4060884766050745	8.340585001272633	WD	7.0	0	1	0.4703001	-2.8029945	1	-0.07985339004383	-0.1921343216023099	-0.0934957012970577	-0.36142532	0.02886104	0.45005468	122761.6875	72960.421875	18759.26953125	44617.25699719508	1
UCAC4_077-007106	391923441	38	TESS-SPOC	600	15.28030014	24065.990234375	0.9257116947260072	1.0	7.179841692917815	-4.9564634410673225	5.358574047819984	8.365570151488155	WD	7.0	0	1	0.4703001	-2.8029945	1	-1.18572845857034	-6.353813745856616	-1.2819248686899198	-0.08461282	0.10032783	0.3983548	184745.40625	93211.71875	23343.927734375	54549.70727359431	1
UCAC4_077-007106	391923441	39	TESS-SPOC	600	15.28030014	23189.712890625	0.3884654101516417	0.0051388271838892	8.996654370806471	-2.0852189930850136	3.51820820716556	8.447771897505339	WD	7.0	0	1	0.4703001	-2.8029945	1	0.5488824733011324	1.9310828223373755	0.9260815428697016	-1.27050843	-0.69735981	0.22983462	158755.09375	85748.78125	22021.888671875	52209.3070356691	1
UCAC4_077-007106	391923441	68	TESS-SPOC	200	15.28030014	42966.69921875	0.1474566769042145	2.171238625005163e-37	10.50373272599536	-2.033133280665677	1.831344008278481	8.928801857837579	WD	7.0	0	1	0.4703001	-2.8029945	1	1.5749308681577805	2.8842402088535777	1.418618364217242	-1.32342036	-2.08429558	0.14709681	310820.125	150671.421875	38777.21484375	91359.86470360127	1
UCAC4_077-007106	391923441	61	TESS-SPOC	200	15.28030014	40968.80859375	0.1695089360836161	1.3679934380753944e-30	10.040407890599626	-1.768798538132756	1.559667677332674	8.951702051531024	WD	7.0	0	1	0.4703001	-2.8029945	1	1.0887058390686022	1.6980193073186467	0.9599845718502076	-0.88772487	-0.96647125	0.15900542	337720.1875	156112.265625	39690.76171875	92058.79355785264	1
UCAC4_077-007106	391923441	62	TESS-SPOC	200	15.28030014	35875.62109375	0.9253725281179837	0.9999999999999593	8.88895190022454	-2.3274183866429574	4.853218749693742	8.87366914395131	WD	7.0	0	1	0.4703001	-2.8029945	1	0.0152827562732316	0.0741705592922473	0.0318681676306725	-0.8535665	-0.01304485	0.2341051	294086.875	138009.375	35404.484375	84131.1219835581	1
UCAC4_077-007106	391923441	63	TESS-SPOC	200	15.28030014	38873.20703125	0.2225163135816449	6.380419811285921e-08	9.82864214621889	-1.88586780159808	1.947092375441409	8.906114333848173	WD	7.0	0	1	0.4703001	-2.8029945	1	0.922527812370717	1.7962468695996658	0.9524776169769326	-0.9880336	-0.91148847	0.15814757	305686.375	149765.9375	37945.625	88526.86481969575	1
UCAC4_077-007106	391923441	64	TESS-SPOC	200	15.28030014	36487.421875	0.2433833488666129	0.0004074455332634	9.523658463869284	-1.5315674182216434	2.149598012103892	8.878882506776634	WD	7.0	0	1	0.4703001	-2.8029945	1	0.6447759570926515	1.3860091156187475	0.9049612175924266	-0.85725864	-0.55273976	0.27435148	307694.5625	140645.125	36097.0	84862.69385604895	1
UCAC4_077-007106	391923441	66	TESS-SPOC	200	15.28030014	37473.453125	0.1685396570086565	5.794726235496589e-84	10.794301066697402	-1.5344088874598114	1.9034163569866875	8.862196382704683	WD	7.0	0	1	0.4703001	-2.8029945	1	1.9321046839927192	3.677599658922336	2.3967533614918914	-1.53389286	-2.96364157	0.24508023	301260.6875	141138.546875	35774.11328125	82694.06295204248	1
UCAC4_077-007106	391923441	69	TESS-SPOC	200	15.28030014	46894.0546875	1.3635478693140348	4.8575869561713344e-20	10.36541159354591	-2.137081793034499	2.148973173488887	9.021638129191867	WD	7.0	0	1	0.4703001	-2.8029945	1	1.3437734643540402	2.8877331261430577	1.351250633249132	-1.40832736	-1.89247294	0.1199327	339875.34375	169872.0	43797.98828125	104397.88523766753	1
UCAC4_077-007106	391923441	67	TESS-SPOC	200	15.28030014	37514.921875	0.1839783625353944	3.825003406193858e-13	10.120726315256814	-1.6266853746239498	1.910021237313337	8.893483513002792	WD	7.0	0	1	0.4703001	-2.8029945	1	1.2272428022540218	2.344059815645114	1.441003805783281	-1.17931527	-1.44730618	0.25951138	272304.0625	145073.59375	36841.57421875	86002.91658456122	1
GD_85	17857475	60	SPOC	20	15.07050037	96996.1328125	0.5159740075905727	2.0153354955355121e-153	12.00644502494514	-1.6001948771633356	2.0777753577042137	9.71882036949916	WD	7.0	0	1	0.4005004	-2.9559074	1	2.2876246554459776	4.753170136762245	2.97036954973146	-1.80002405	-4.11777939	0.30745992	843584.75	381527.875	97070.65625	228247.83220814547	1
GD_85	17857475	60	SPOC	120	15.07050037	40186.6875	0.0760429005546176	3.641886017409789e-08	9.590019286347696	-1.597743549163225	1.6435048023216123	8.960718000089118	WD	7.0	0	1	0.4005004	-2.9559074	1	0.6293012862585776	1.03425968607314	0.6473252147472637	-0.64539588	-0.40614846	0.30746016	336368.5	156314.78125	40024.8671875	94321.1086419259	1
GD_85	17857475	60	TESS-SPOC	200	15.07050037	31254.2734375	1.1703073055350726	0.1382963231598176	9.07477903277421	-2.581613966073368	3.168838919435333	8.729581906954468	WD	7.0	0	1	0.4005004	-2.9559074	1	0.345197125819741	1.093874087174811	0.4237171403432529	-0.89953989	-0.31051858	0.30538523	231991.375	119007.0390625	30485.6796875	72397.45815906237	1
Ton_345	184915712	44	SPOC	20	16.12809944	193851.09375	0.4671809187560731	3.493571262283103e-07	11.27707827136259	-1.7247696463559608	1.949432114404894	10.3297905396262	WD	7.0	0	1	0.5880994	-2.0512016	1	0.9472877317363916	1.84667312582869	1.070678121991701	-1.00758408	-0.95447204	0.94004261	1776748.625	760574.9375	193555.5	449017.93929735466	1
Ton_345	184915712	46	SPOC	20	16.12809944	269031.46875	0.2070384752388938	4.161984869639645e-09	11.646015708334382	-2.297473149681114	3.404387431113679	10.605329281988842	WD	7.0	0	1	0.5880994	-2.0512016	1	1.040686426345539	3.5428997895813654	1.5420853950232738	-1.87827667	-1.95469704	0.64005762	2361462.0	1050828.5	268792.53125	633029.600924799	1
Ton_345	184915712	44	SPOC	120	16.12809944	81696.8515625	1.210610776751502	0.9999999739214858	9.334230740842266	-2.509344647041236	8.65330822336517	9.571369982420432	WD	7.0	0	1	0.5880994	-2.0512016	1	-0.2371392415781663	-2.052038949230927	-0.817758912332143	-0.98424502	0.23340312	0.94004261	669402.875	315732.625	81096.84375	191756.70789834953	1
Ton_345	184915712	46	SPOC	120	16.12809944	114206.9140625	0.9123816550506348	3.504840943933367e-06	10.583807599311456	-2.4718948837411854	6.621517573724202	9.861275163413344	WD	7.0	0	1	0.5880994	-2.0512016	1	0.7225324358981116	4.784261221885101	1.93546305441766	-2.84399557	-2.05487904	0.64005762	869380.0	437706.0625	111574.15625	260429.58600383496	1
Ton_345	184915712	72	SPOC	20	16.12809944	619022.625	0.1068047696902536	0.0	16.217763721896294	-2.061271818294596	5.098666004358903	11.628157242965695	WD	7.0	0	1	0.5880994	-2.0512016	1	4.589606478930596	23.4008705275088	11.352636910773674	-5.04720473	-23.16468355	0.84539455	139239168.0	1704153.75	638803.9375	873964.0076900352	1
Ton_345	184915712	72	SPOC	120	16.12809944	1541535.0	0.0769024764106268	2.2625910862688795e-150	15.393363018256276	-2.124763691606283	6.149935977066647	11.29484808828383	WD	7.0	0	0	0.5880994	-2.0512016	1	4.098514929972447	25.205604420382343	11.862780091713333	-6.04110165	-24.7595453	0.84539437	4397760.0	264348.625	158823.953125	134784.89421524742	1
Ton_345	184915712	44	TESS-SPOC	600	16.12809944	35816.48828125	2.4094574026960505	0.9999981311846008	8.064381760219549	-2.5687837561956908	10.117117454655386	8.8509164482167	WD	7.0	0	1	0.5880994	-2.0512016	1	-0.7865346879971522	-7.9574638206279165	-3.097755426643127	-0.38278988	0.30107752	0.93950021	257322.859375	134875.5625	34326.64453125	79303.82236786059	1
Ton_345	184915712	46	TESS-SPOC	600	16.12809944	60662.91015625	2.623619539208745	0.0390462542040475	10.00228946708294	-2.451467055328609	6.157623353275729	9.224961570258944	WD	7.0	0	1	0.5880994	-2.0512016	1	0.7773278968239978	4.786492410636155	1.9525012176818937	-2.77765923	-2.15915201	0.6391871	428788.71875	205991.34375	52952.08984375	125367.37017241446	1
Ton_345	184915712	72	TESS-SPOC	200	16.12809944	2477103.0	0.0769070403532169	2.3078314913274e-83	15.176419252621056	-1.9813555261811475	3.7093494350942704	11.67955443021986	WD	7.0	0	0	0.5880994	-2.0512016	1	3.4968648224011947	12.971093553574898	6.546575504586652	-3.57928911	-12.51629017	0.84392643	7606974.0	209469.140625	228589.53125	107491.61477053355	1
PG_0843+517	142259188	20	SPOC	120	16.33429909	109187.3828125	1.204473063603308	0.0002787933407907	10.201190492535536	-1.5700371919067655	1.887827690671936	9.832949529954549	WD	7.0	0	1	0.9442991	-2.1353047	1	0.3682409625809892	0.6951754860000798	0.4427764447769602	-0.55184721	-0.20321275	0.6076287	906634.8125	426277.5	108480.109375	256516.77228820338	1
PG_0843+517	142259188	47	SPOC	20	16.33429909	231821.625	1.2077902325379373	1.4859480329134602e-22	11.11809708567754	-1.7054243025296456	1.9755953185461244	10.490380421407382	WD	7.0	0	1	0.9442991	-2.1353047	1	0.6277166642701566	1.2401141033055103	0.7271586909287364	-0.77457182	-0.48621164	0.62050098	2010389.0	906830.75	231772.625	547722.5501575337	1
PG_0843+517	142259188	47	SPOC	120	16.33429909	94349.609375	1.206029503962011	7.68038160789826e-18	9.63392677808759	-2.256285521751244	5.111518643221269	9.697351395719672	WD	7.0	0	1	0.9442991	-2.1353047	1	-0.0634246176320818	-0.3241961154655668	-0.1436857668678111	-0.78948213	0.0500726	0.62050116	687386.75	365557.0625	93596.703125	222261.15983944802	1
PG_0843+517	142259188	20	TESS-SPOC	1800	16.33429909	29415.748046875	1.2066381285330885	6.823994329275922e-06	9.006091319887188	-1.6100746372373052	1.5463413517914737	8.65091355072291	WD	7.0	0	1	0.9442991	-2.1353047	1	0.3551777691642783	0.5492260716957702	0.3411183922741471	-0.44460127	-0.15791249	0.60598576	197599.015625	99625.8828125	25507.078125	56573.221215647	1
PG_0843+517	142259188	47	TESS-SPOC	600	16.33429909	43089.91015625	1.2034535614774082	6.790807002199102e-11	9.205293384842811	-1.913585143568502	2.089941137749419	8.995487605683996	WD	7.0	0	1	0.9442991	-2.1353047	1	0.209805779158815	0.4384817288015772	0.2291414783791043	-0.49394276	-0.10363205	0.61649668	374704.40625	158794.0625	40985.75	95587.60516457053	1
SCR_J0859-3647	191233258	8	SPOC	120	15.42689991	92598.4296875	0.5796350113064783	0.9999999999999996	9.763531330475374	-2.103899423740748	1.2389310767659956	9.67205576409211	WD	7.0	0	1	-1.1631001	-1.3251735	1	0.0914755663832629	0.1133319219569952	0.0538675569174738	-0.24572418	-0.02247776	0.42761824	1
SCR_J0859-3647	191233258	62	SPOC	20	15.42689991	268837.0625	0.2478329467700256	1.774006707582179e-25	12.308581651543406	-1.4884495049657618	2.253236809105974	10.620956974294764	WD	7.0	0	1	-1.1631001	-1.3251735	1	1.6876246772486407	3.8026180427322265	2.554751121919784	-1.69346703	-2.85793675	0.43528861	2412412.0	1052977.75	268757.40625	631588.8605019663	1
SCR_J0859-3647	191233258	62	SPOC	120	15.42689991	109998.3828125	1.0410875087999467	0.9999814629054188	10.103559856493794	-1.8153977807899229	2.0612384544785547	9.83969504549892	WD	7.0	0	1	-1.1631001	-1.3251735	1	0.2638648109948747	0.5438882952063514	0.2995973119289	-0.52531207	-0.13861137	0.43528861	812009.75	427062.875	109288.8125	259702.80629556865	1
SCR_J0859-3647	191233258	89	SPOC	20	15.42689991	324021.09375	0.1677540686391265	1.0	10.903422911230455	-1.6712011081346831	1.9714130011994488	10.771740028739313	WD	7.0	0	1	-1.1631001	-1.3251735	1	0.1316828824911446	0.2596013465784619	0.1553381848030347	-0.41565272	-0.05473435	0.34381604	2858706.25	1269271.75	324284.5	761252.2615658926	1
SCR_J0859-3647	191233258	89	SPOC	120	15.42689991	133393.53125	0.4229142613382289	1.0	9.842735460974806	-1.9870227387546668	1.6846370148735852	9.994649354092465	WD	7.0	0	1	-1.1631001	-1.3251735	1	-0.1519138931176584	-0.255919767419557	-0.1287955907238134	-0.22335192	0.03393026	0.34381604	1065581.0	522774.4375	132810.484375	310326.8051674302	1
SCR_J0859-3647	191233258	8	TESS-SPOC	1800	15.42689991	44384.89453125	8.238332402347716	0.9999258092662676	8.695332635116982	-1.4114912462187597	3.53232521918998	9.05184012946531	WD	7.0	0	1	-1.1631001	-1.3251735	1	-0.3565074943483282	-1.2593004131168288	-0.8921772745600552	-0.32114502	0.11449061	0.40367055	1
SCR_J0859-3647	191233258	62	TESS-SPOC	200	15.42689991	139372.609375	2.8827649458381663	1.0	9.394756591002071	-1.858729906354006	2.597515111174502	10.044983794493849	WD	7.0	0	1	-1.1631001	-1.3251735	1	-0.6502272034917755	-1.6889749867666248	-0.9086715509299766	-0.1310139	0.0851888	0.41082868	935200.0625	537318.6875	137676.375	327999.88558283995	1
V*_KX_Dra	458484139	16	SPOC	120	15.61709976	64711.859375	0.1118504734611599	4.8163559857633567e-08	9.808598475123784	-1.7121312780515725	1.7541077386627268	9.321041004093743	WD	7.0	0	1	-0.4729002	-1.6974865	1	0.4875574710300405	0.8552283329766224	0.4995109568641742	-0.59173823	-0.2885064	0.73598129	468699.46875	252264.109375	64289.20703125	151031.82511312203	1
V*_KX_Dra	458484139	17	SPOC	120	15.61709976	65770.921875	5.414290635193937	0.019969422793714	9.30650679108078	-2.0250283113575405	2.4224117800713607	9.327466719346011	WD	7.0	0	1	-0.4729002	-1.6974865	1	-0.020959928265233	-0.0507735771391512	-0.0250730208829098	-0.40159347	0.00841737	0.70893109	450039.71875	251890.125	64997.01953125	154481.33476771653	1
V*_KX_Dra	458484139	15	SPOC	120	15.61709976	75717.6796875	0.2794299929737094	2.9079219667904057e-20	10.579638726746856	-1.5559720894157811	2.294681962772683	9.467971930452132	WD	7.0	0	1	-0.4729002	-1.6974865	1	1.1116667962947222	2.550921746070794	1.6394392697805944	-1.32494038	-1.47289223	0.67139786	677717.375	296348.03125	74922.484375	175727.87174101215	1
V*_KX_Dra	458484139	14	SPOC	120	15.61709976	50862.6328125	0.2149106247785567	0.6106348867036098	9.537522067564815	-1.7153129117381114	2.269453251047149	9.123237549193703	WD	7.0	0	1	-0.4729002	-1.6974865	1	0.4142845183711117	0.940199347075822	0.5481211857276386	-0.70230303	-0.29095327	0.6766066	421922.125	199286.984375	50579.203125	117928.5539896156	1
V*_KX_Dra	458484139	24	SPOC	120	15.61709976	120428.8125	0.7646055817687708	1.0	10.019130187254849	-1.7923978716905085	1.1749210559022198	9.884914826342904	WD	7.0	0	1	-0.4729002	-1.6974865	1	0.1342153609119414	0.1576924535609557	0.087978487394781	-0.24866282	-0.03337437	0.53938341	1218405.625	472491.15625	119484.21875	278363.7023882858	1
V*_KX_Dra	458484139	23	SPOC	120	15.61709976	65703.96875	5.474224409987682	0.9998635612890172	9.31229044398616	-1.770958228170382	2.1199245779146043	9.334376802349576	WD	7.0	0	1	-0.4729002	-1.6974865	1	-0.0220863583634152	-0.0468214139312336	-0.0264384631926671	-0.3507945	0.00774777	0.67363387	602103.1875	257923.8125	65119.11328125	151752.60230273614	1
V*_KX_Dra	458484139	22	SPOC	120	15.61709976	90695.09375	0.1159447745848879	0.015751412457822	10.304440461587678	-1.7671750031857456	2.270400777438012	9.615593235668475	WD	7.0	0	1	-0.4729002	-1.6974865	1	0.6888472259192007	1.563959277262971	0.8850053189093151	-0.94495277	-0.65092809	0.74408954	710355.5	354289.75	90100.578125	210742.70375861073	1
V*_KX_Dra	458484139	21	SPOC	120	15.61709976	53531.94140625	0.3119063289969937	0.9998631150346132	9.458101945942772	-1.6479663500290436	2.1755284398982457	9.152142591510074	WD	7.0	0	1	-0.4729002	-1.6974865	1	0.3059593544326979	0.6656232770212418	0.4039058667730145	-0.58675635	-0.17952359	0.69671744	428545.25	207536.625	53195.12109375	125100.13378227639	1
V*_KX_Dra	458484139	41	SPOC	20	15.61709976	107413.4921875	0.2651290244987786	4.630726997844676e-07	10.501087723705494	-1.7092654469043913	1.6216397733145616	9.814215352459229	WD	7.0	0	1	-0.4729002	-1.6974865	1	0.6868723712462668	1.1138595564038314	0.6516597866183483	-0.67366985	-0.46272521	0.75251341	2325767.0	420541.59375	107566.9375	251641.1895218527	1
V*_KX_Dra	458484139	47	SPOC	20	15.61709976	111930.6875	0.2683032253565309	0.0132696754184964	10.798805985444812	-1.5820209678144117	2.316102547572915	9.845253723005134	WD	7.0	0	1	-0.4729002	-1.6974865	1	0.9535522624396772	2.2085248242804534	1.3960148880526957	-1.20259625	-1.14673837	0.84295285	1894440.75	438323.8125	111940.1015625	262532.0881879163	1
V*_KX_Dra	458484139	47	SPOC	120	15.61709976	52671.23828125	0.4031702754349126	1.0	9.490357117600876	-1.6304769034990036	2.518229927741684	9.058799185106432	WD	7.0	0	1	-0.4729002	-1.6974865	1	0.4315579324944441	1.0867621011618345	0.6665302028073153	-0.79568739	-0.3433852	0.84294516	489569.03125	204397.453125	52357.98828125	122919.99561867303	1
V*_KX_Dra	458484139	41	SPOC	120	15.61709976	49396.31640625	0.2801961976384495	0.7511174071703608	9.154844409600395	-2.1507881382181244	2.6343341484850304	9.049621745000897	WD	7.0	0	1	-0.4729002	-1.6974865	1	0.105222664599502	0.2771916585490551	0.1288791088362156	-0.53361481	-0.05614837	0.75251281	404699.84375	192951.3125	49219.55859375	114920.35343344684	1
V*_KX_Dra	458484139	51	SPOC	20	15.61709976	107801.2578125	0.099159950364863	2.6994975434532302e-114	11.695798454082402	-1.57155751606769	2.235902217985926	9.825546561195056	WD	7.0	0	1	-0.4729002	-1.6974865	1	1.870251892887346	4.181700355499193	2.6608637054293336	-1.77347538	-3.31684568	0.82965201	927238.8125	425097.65625	107813.140625	249595.83475070447	1
V*_KX_Dra	458484139	57	SPOC	20	15.61709976	123438.7265625	0.288582905272534	1.0133210729341338e-12	11.04398809580024	-1.5909240291908202	1.9459673840895595	9.939116719413931	WD	7.0	0	1	-0.4729002	-1.6974865	1	1.1048713763863065	2.150043662061892	1.3514433264016084	-1.1188766	-1.23621473	0.76917034	1070283.25	484154.78125	123383.6484375	291140.0464141515	1
V*_KX_Dra	458484139	50	SPOC	20	15.61709976	126013.265625	0.2286627312873692	2.974686065589893e-13	11.050825128646636	-1.494514887046128	2.4233468037325774	9.937939311645982	WD	7.0	0	1	-0.4729002	-1.6974865	1	1.112885817000654	2.696908287547853	1.804537586693584	-1.40028289	-1.55835497	0.75729072	1126382.875	487958.3125	124456.2265625	291536.3979399896	1
V*_KX_Dra	458484139	54	SPOC	20	15.61709976	150735.3125	0.2211222658532462	1.1143317519591235e-06	11.061031708167624	-1.6815157951074826	1.5796097268312763	10.10180200749487	WD	7.0	0	1	-0.4729002	-1.6974865	1	0.959229700672754	1.5152085654481362	0.9010968376608582	-0.82357515	-0.78999774	0.74796802	1342471.75	593512.875	150469.59375	348705.2441114346	1
V*_KX_Dra	458484139	48	SPOC	20	15.61709976	111088.96875	0.1454307044871349	0.1227975174436076	10.596557770812826	-1.738139137063003	2.1101256390917005	9.82968672639648	WD	7.0	0	1	-0.4729002	-1.6974865	1	0.7668710444163445	1.6181942526999586	0.93099235739797	-0.94318781	-0.72330342	0.68414223	962037.625	435510.75	110902.890625	260815.66482092426	1
V*_KX_Dra	458484139	54	SPOC	120	15.61709976	61759.30859375	0.0915029061588265	1.6362214250393857e-22	10.754244524936416	-1.494241111198073	1.9592067584309265	9.316728382680758	WD	7.0	0	1	-0.4729002	-1.6974865	1	1.4375161422556584	2.816391341260839	1.884830580656876	-1.33996668	-1.92622373	0.74796462	443089.1875	239244.34375	61062.2578125	143476.783120657	1
V*_KX_Dra	458484139	51	SPOC	120	15.61709976	49001.34375	0.082976756995724	1.128580801884219e-71	10.656487862033307	-1.597364663951207	2.43898209275403	9.048171838427177	WD	7.0	0	1	-0.4729002	-1.6974865	1	1.6083160236061342	3.9226539810647294	2.4557034906241992	-1.78407099	-2.86934996	0.82965028	377830.03125	192286.3125	48539.81640625	111750.83296299796	1
V*_KX_Dra	458484139	57	SPOC	120	15.61709976	52070.84375	0.1269120474960925	2.6687329456991192e-05	9.907380366365526	-1.601908739948143	2.097354187611852	9.138253278683184	WD	7.0	0	1	-0.4729002	-1.6974865	1	0.7691270876823424	1.6131319181562689	1.0070061283319356	-0.93934022	-0.72247201	0.76917076	444270.5625	203578.515625	51759.70703125	122023.5310368292	1
V*_KX_Dra	458484139	50	SPOC	120	15.61709976	58039.12109375	0.2877593222234178	1.3204456798676734e-14	10.318783360392477	-1.5880416927026313	2.223592939625514	9.148672762018974	WD	7.0	0	1	-0.4729002	-1.6974865	1	1.170110598373503	2.6018496651243064	1.6384013575212322	-1.3295557	-1.55572722	0.7572906	421930.75	225105.5625	57002.9140625	131349.60321727165	1
V*_KX_Dra	458484139	48	SPOC	120	15.61709976	51411.25	2.122993190559713	1.0	8.627130498817662	-2.223658150122432	2.723084690333759	9.061186690003344	WD	7.0	0	1	-0.4729002	-1.6974865	1	-0.4340561911856806	-1.1819717689623102	-0.5315438296562052	-0.21292446	0.09242118	0.68413913	436044.0625	199598.71875	51075.37890625	120136.4884999385	1
V*_KX_Dra	458484139	84	SPOC	20	15.61709976	110810.171875	0.4058021452822736	4.279039928855353e-61	11.502176424877296	-1.6124808841154723	2.2572698098904507	9.830897088081771	WD	7.0	0	1	-0.4729002	-1.6974865	1	1.6712793367955232	3.772528390842269	2.339580225728811	-1.68738267	-2.82008779	0.67966628	975647.625	434255.5	110449.234375	257340.60618606725	1
V*_KX_Dra	458484139	75	SPOC	20	15.61709976	113111.8203125	0.1949535137065346	6.159692472105487e-121	11.461129099041107	-1.6093549039180497	1.9480729261898444	9.858364441831576	WD	7.0	0	1	-0.4729002	-1.6974865	1	1.60276465720953	3.122302435763832	1.9400956421498088	-1.42214911	-2.27937033	0.7090022	1014888.125	434991.3125	111457.2734375	261441.93543765997	1
V*_KX_Dra	458484139	81	SPOC	20	15.61709976	124847.734375	0.1333333065551297	4.5696995115461427e-63	11.879685145200778	-1.4544110847994185	2.3863936753322403	9.946269861634162	WD	7.0	0	1	-0.4729002	-1.6974865	1	1.933415283566616	4.613890004494062	3.1723424365473503	-1.92372995	-3.71936888	0.69188279	1182645.75	489651.46875	124568.25	290226.99585887586	1
V*_KX_Dra	458484139	78	SPOC	20	15.61709976	174225.140625	0.4230610950256401	4.703744936074049e-10	11.407777937298782	-1.7822509745629609	2.0051252924960044	10.245989428855015	WD	7.0	0	1	-0.4729002	-1.6974865	1	1.161788508443767	2.3295315228118043	1.3070726603939975	-1.19313437	-1.3861698	0.59726924	4332028.0	665783.625	171681.84375	395914.9707259041	1
V*_KX_Dra	458484139	77	SPOC	20	15.61709976	191342.765625	0.4026538921952603	1.0323138737624704e-245	12.530385836948929	-1.6936038820558557	2.2294195375070456	10.32598332652672	WD	7.0	0	1	-0.4729002	-1.6974865	1	2.2044025104222094	4.914538025264852	2.9018226028740104	-1.90378284	-4.19670367	0.64299774	1548547.25	612717.125	154874.40625	351920.4747101613	1
V*_KX_Dra	458484139	74	SPOC	20	15.61709976	134758.671875	0.0599098935685451	1.1699281985859148e-30	11.554436843589578	-1.5570507195563237	2.222440476153737	10.01065299267071	WD	7.0	0	1	-0.4729002	-1.6974865	1	1.5437838509188673	3.4309677167145773	2.203504146410992	-1.58728433	-2.45042392	0.84717441	1289645.0	527967.5	133964.5625	312730.74629613536	1
V*_KX_Dra	458484139	82	SPOC	20	15.61709976	118359.7578125	0.4389965708210597	6.936992045064598e-05	10.893177335344882	-1.5393682217385256	2.381937207784256	9.884595384664722	WD	7.0	0	1	-0.4729002	-1.6974865	1	1.00858195068016	2.402378875424698	1.5606265229455685	-1.28593101	-1.29696681	0.68811589	1182621.75	463331.9375	118366.765625	276784.2301572672	1
V*_KX_Dra	458484139	75	SPOC	120	15.61709976	48636.97265625	0.2112102305030493	4.8133760983780174e-154	11.005842280227844	-1.529384001997932	1.7915596264505165	9.079276665969912	WD	7.0	0	1	-0.4729002	-1.6974865	1	1.926565614257932	3.45155717221235	2.256828348997609	-1.44176721	-2.77765912	0.70900047	454648.25	185290.75	46938.62109375	107860.15081412821	1
V*_KX_Dra	458484139	81	SPOC	120	15.61709976	52597.609375	0.1352206453102138	0.0235722267526671	10.01731035693698	-1.5500070462872375	2.53612107370408	9.143770027124498	WD	7.0	0	1	-0.4729002	-1.6974865	1	0.8735403298124833	2.2154040391678507	1.429286430971041	-1.23919612	-1.08248779	0.69188195	439686.3125	203869.8125	52291.0	123591.01719767322	1
V*_KX_Dra	458484139	78	SPOC	120	15.61709976	69964.1953125	0.284041102855036	3.5471978321004884e-30	10.778344720231022	-1.7994532246020392	2.276919646799091	9.391371063185249	WD	7.0	0	1	-0.4729002	-1.6974865	1	1.3869736570457754	3.1580275693203106	1.754992864579033	-1.52266332	-2.11189391	0.59726924	542403.8125	268809.375	68472.1796875	160216.6067662743	1
V*_KX_Dra	458484139	77	SPOC	120	15.61709976	83935.7890625	0.318939812200865	6.300641370805368e-157	11.78693615874742	-1.660150819636459	2.1397220089564777	9.489053569004655	WD	7.0	0	1	-0.4729002	-1.6974865	1	2.297882589742766	4.916829951270505	2.961676670043265	-1.85681016	-4.26673175	0.64299721	488064.25	251266.78125	63896.52734375	144828.14162652183	1
V*_KX_Dra	458484139	74	SPOC	120	15.61709976	58873.59375	0.0917441813841297	6.674456989457393e-07	10.258611649100542	-1.605769829048138	1.882992408896346	9.231436263360315	WD	7.0	0	1	-0.4729002	-1.6974865	1	1.027175385740227	1.934163453954024	1.204508528535842	-1.02952765	-1.05750546	0.84717441	490448.4375	228849.78125	58372.02734375	136295.99242714676	1
V*_KX_Dra	458484139	82	SPOC	120	15.61709976	51445.87890625	0.7020580174508825	1.0	9.401730444457638	-1.582471324079232	2.609083307583886	9.093153196387446	WD	7.0	0	1	-0.4729002	-1.6974865	1	0.3085772480701916	0.8051037470401088	0.5087635616453031	-0.70613085	-0.21789591	0.68811113	414269.78125	201306.453125	51222.29296875	120408.41190901063	1
V*_KX_Dra	458484139	84	SPOC	120	15.61709976	47974.51953125	0.077668973249461	2.5048020843997157e-117	10.618763987694992	-1.4671465648517	2.3325218757333555	9.055546353117624	WD	7.0	0	1	-0.4729002	-1.6974865	1	1.5632176345773665	3.646239329183858	2.485259084904324	-1.67824481	-2.62346188	0.67966628	381153.3125	186227.171875	47446.4375	110600.7284092096	1
V*_KX_Dra	458484139	17	TESS-SPOC	1800	15.61709976	17043.046875	5.4125953412818815	0.0408369139323261	8.039035862763377	-2.207006771293041	8.892509316227281	8.216295751903457	WD	7.0	0	1	-0.4729002	-1.6974865	1	-0.17725988914008	-1.576285215571577	-0.714218567914979	-1.12714434	0.19979748	0.68654948	92563.359375	60987.40625	14963.7958984375	33482.609097299755	1
V*_KX_Dra	458484139	16	TESS-SPOC	1800	15.61709976	16405.65625	1.087996179821417	0.6790144048532659	7.574709801650425	-2.81446115884482	29.99999999999993	8.155330212579793	WD	7.0	0	1	-0.4729002	-1.6974865	1	-0.5806204109293684	-17.41861232788101	-6.188968809585698	-1.74712379	1.01441573	0.71691257	92774.5234375	57692.9140625	14752.74609375	34894.50554590022	1
V*_KX_Dra	458484139	15	TESS-SPOC	1800	15.61709976	19881.857421875	0.4191207192661609	0.2546750613446228	8.665763106874925	-1.608342235863188	2.0260155236361523	8.350011291693718	WD	7.0	0	1	-0.4729002	-1.6974865	1	0.3157518151812066	0.6397180791734179	0.3977499719331097	-0.55353725	-0.17478039	0.65044677	113076.3515625	68270.8984375	17371.568359375	40093.60748049617	1
V*_KX_Dra	458484139	14	TESS-SPOC	1800	15.61709976	15968.25390625	8.277270928149708	0.9999918255954572	8.32301678624753	-1.5705334072278496	1.0983623376094611	8.109675075661668	WD	7.0	0	1	-0.4729002	-1.6974865	1	0.2133417105858619	0.2343264999486884	0.1492018564331582	-0.26089725	-0.05566027	0.6562202	92027.25	55385.93359375	14026.427734375	32784.881172683556	1
V*_KX_Dra	458484139	24	TESS-SPOC	1800	15.61709976	32824.8984375	5.819490647533518	1.0	8.53331515742026	-5.245530713509671	13.751057423545824	8.149589537573139	WD	7.0	0	1	-0.4729002	-1.6974865	1	0.3837256198471213	5.27663303340348	1.0059292989770714	-4.09844581	-1.57267866	0.52537751	190489.578125	113983.8125	29553.66796875	72060.00492677791	1
V*_KX_Dra	458484139	23	TESS-SPOC	1800	15.61709976	16535.5	5.477288160007791	0.295303350699466	8.055324202822776	-1.6898839127007703	2.9223976671877154	8.158874567055577	WD	7.0	0	1	-0.4729002	-1.6974865	1	-0.1035503642328006	-0.3026153428703748	-0.1790746338230626	-0.42153237	0.04364983	0.65453523	96269.078125	59729.0078125	15080.0029296875	33253.30609448054	1
V*_KX_Dra	458484139	22	TESS-SPOC	1800	15.61709976	23851.12109375	0.5728771088882543	0.5573638368161273	8.105783873557726	-2.1411336159328167	10.883113412417522	8.44616342388032	WD	7.0	0	1	-0.4729002	-1.6974865	1	-0.3403795503225932	-3.70438924942846	-1.730106529486525	-1.02045778	0.34734296	0.72677225	154804.53125	87359.3125	21278.876953125	49458.15408834598	1
V*_KX_Dra	458484139	21	TESS-SPOC	1800	15.61709976	14018.3447265625	0.420270599941274	0.9893624795338484	8.147098332451378	-1.6908094264301297	2.5861053287680504	8.005735546597341	WD	7.0	0	1	-0.4729002	-1.6974865	1	0.1413627858540369	0.3655790537866217	0.2162154102479087	-0.55320719	-0.07820291	0.68010837	81433.15625	47034.70703125	12425.009765625	30653.41516574009	1
V*_KX_Dra	458484139	47	TESS-SPOC	600	15.61709976	21587.767578125	0.2729984380936508	0.9999999989552086	8.644011304166513	-1.7026781884573825	2.185384093546246	8.351367523984239	WD	7.0	0	1	-0.4729002	-1.6974865	1	0.2926437801822743	0.6395390622855864	0.3756077141418047	-0.57905906	-0.16945803	0.81992316	145236.6875	79642.9375	20964.302734375	51520.713683369126	1
V*_KX_Dra	458484139	41	TESS-SPOC	600	15.61709976	21704.9609375	0.2784465894549288	0.0383911040507885	8.622381190262056	-1.916089764604047	1.744642953332196	8.387178610202817	WD	7.0	0	1	-0.4729002	-1.6974865	1	0.235202580059239	0.410344523905903	0.2141572547832587	-0.42736018	-0.10051622	0.73272282	151670.5625	82820.3203125	21037.484375	48949.889350160505	1
V*_KX_Dra	458484139	57	TESS-SPOC	200	15.61709976	41495.171875	0.1286629956894644	0.8854321857540457	9.194467571901043	-1.76764639243259	2.650529285011722	8.919381678734766	WD	7.0	0	1	-0.4729002	-1.6974865	1	0.2750858931662794	0.7291232157308295	0.4124825071644723	-0.68589416	-0.18867981	0.74526978	298980.375	161105.6875	41076.40625	96783.94448942815	1
V*_KX_Dra	458484139	54	TESS-SPOC	600	15.61709976	29582.28515625	0.377649460325721	0.997591109445066	8.773236042026548	-2.1646452817690287	1.772748341346873	8.667636381288876	WD	7.0	0	1	-0.4729002	-1.6974865	1	0.1055996607376723	0.1872016234195011	0.086481431852203	-0.35929739	-0.03794168	0.72755402	211617.78125	108795.40625	28055.04296875	65794.34916946568	1
V*_KX_Dra	458484139	51	TESS-SPOC	600	15.61709976	22775.3515625	0.1952656393724683	1.1197154941217777e-15	9.321698009381066	-1.8400616834405013	2.33645382212445	8.403767258974506	WD	7.0	0	1	-0.4729002	-1.6974865	1	0.91793075040656	2.144702810232972	1.1655602796004427	-1.1815081	-1.08454262	0.80415368	140782.703125	83390.671875	21147.998046875	49059.63341653621	1
V*_KX_Dra	458484139	50	TESS-SPOC	600	15.61709976	24372.927734375	0.2802997735859724	5.233762327285281e-07	8.869449531248303	-1.7399665591305258	2.520989637818506	8.474174277154559	WD	7.0	0	1	-0.4729002	-1.6974865	1	0.395275254093745	0.996484819656408	0.5727034318144362	-0.76220287	-0.30127993	0.73547387	157429.21875	89699.1875	23330.259765625	55763.05809990663	1
V*_KX_Dra	458484139	48	TESS-SPOC	600	15.61709976	21813.76953125	0.2572095479395179	0.999999999991622	8.286027385407692	-1.981326837664457	2.244742909196718	8.378389074737346	WD	7.0	0	1	-0.4729002	-1.6974865	1	-0.0923616893296532	-0.2073282472041693	-0.1046411138550786	-0.33006709	0.03048555	0.6684792	168448.25	84145.828125	21066.078125	49545.0572001688	1
SBSS_1612+554	207427565	16	SPOC	120	16.00639915	68957.46875	1.3664664895700256	1.0	9.620533645583183	-1.6648931296825515	2.646665919531702	9.413036572378052	WD	7.0	0	1	-0.4336009	-1.3402162	1	0.2074970732051309	0.5491754320545946	0.3298562666057172	-0.62346847	-0.12936788	0.90109479	609769.5	266031.53125	68518.453125	160962.8732793343	1
SBSS_1612+554	207427565	23	SPOC	120	16.00639915	67987.4140625	0.074818265850506	0.0173053554755973	10.085487980269615	-1.6505654820753644	2.335134769194537	9.404119963704346	WD	7.0	0	1	-0.4336009	-1.3402162	1	0.6813680165652709	1.591086146098683	0.963964267626696	-0.9649957	-0.6575172	0.92665738	628597.875	263519.34375	67169.15625	155687.1796902045	1
SBSS_1612+554	207427565	25	SPOC	120	16.00639915	111931.1328125	0.9095590637467562	0.01292191465472	10.37159491408834	-2.0033056217374763	1.8908082108397188	9.839935542956036	WD	7.0	0	1	-0.4336009	-1.3402162	1	0.531659371132303	1.00526590430684	0.5018035657659504	-0.67012649	-0.35627903	0.62766457	925525.375	434431.4375	111232.6640625	262014.9435930056	1
SBSS_1612+554	207427565	24	SPOC	120	16.00639915	67812.1484375	0.1472554906625571	1.0255552892279553e-17	10.553340602795211	-1.5328055798861766	2.048119360939679	9.415851669865592	WD	7.0	0	1	-0.4336009	-1.3402162	1	1.1374889329296192	2.3297131063877687	1.5199012431575103	-1.20130271	-1.36646854	0.86421984	620529.375	264994.96875	67344.21875	157226.51846662333	1
SBSS_1612+554	207427565	51	SPOC	20	16.00639915	229633.90625	0.1809859943677311	9.245294568983175e-10	11.314857195836328	-1.6704398189808232	2.0096669512990712	10.476203124966654	WD	7.0	0	1	-0.4336009	-1.3402162	1	0.8386540708696746	1.6854153697992142	1.0089650346263466	-0.95476319	-0.80071604	0.79508752	2307206.0	905534.625	222219.8125	463512.0128663623	1
SBSS_1612+554	207427565	50	SPOC	20	16.00639915	162407.3125	0.2096040944107719	9.103165800393488e-38	11.608139029810037	-1.481641363718459	1.9514692493749308	10.189939867309027	WD	7.0	0	1	-0.4336009	-1.3402162	1	1.4181991625010075	2.767572055109997	1.867909551447897	-1.32345925	-1.8769288	0.9384982	1532493.625	627906.625	160342.25	375883.7060171259	1
SBSS_1612+554	207427565	49	SPOC	20	16.00639915	186793.015625	0.3403653584551587	5.719426310973225e-07	11.108498820534974	-1.6910203293786694	2.1899727471917547	10.288801168246714	WD	7.0	0	1	-0.4336009	-1.3402162	1	0.8196976522882604	1.7951155194483537	1.0615576219050729	-1.0242359	-0.83956377	0.87350559	1748281.75	731868.375	186489.0625	437837.0262984756	1
SBSS_1612+554	207427565	52	SPOC	20	16.00639915	225406.5	0.3109502392977221	9.306574961812404e-37	11.737242018930854	-1.6216303263633924	1.7871889121942757	10.455567028283888	WD	7.0	0	1	-0.4336009	-1.3402162	1	1.281674990646966	2.29059533232096	1.4125262059311403	-1.13569707	-1.45559453	0.68517667	2088765.75	897657.6875	226100.578125	513573.1871246661	1
SBSS_1612+554	207427565	51	SPOC	120	16.00639915	95011.03125	0.1383061734936496	5.9413674307095256e-08	10.735661895698229	-1.6609974034182386	1.7709286192595677	9.711074261732737	WD	7.0	0	1	-0.4336009	-1.3402162	1	1.024587633965492	1.814471563928936	1.0923987961660002	-0.96656524	-0.99033079	0.79508501	828610.0625	365019.125	89239.15625	188296.5167800358	1
SBSS_1612+554	207427565	50	SPOC	120	16.00639915	66843.140625	0.1200565724088598	1.106414749778836e-43	10.981821166408617	-1.5383604062943397	2.1747107244839565	9.404042420900003	WD	7.0	0	1	-0.4336009	-1.3402162	1	1.57777874550861	3.431212358720417	2.230434652816924	-1.57321167	-2.48217993	0.9384982	531868.6875	257395.1875	65495.09765625	150759.8405653681	1
SBSS_1612+554	207427565	52	SPOC	120	16.00639915	92787.21875	0.3068762268655544	1.4287063577473168e-29	10.823870365702131	-1.6240576369466873	1.805086610752892	9.67888712664945	WD	7.0	0	1	-0.4336009	-1.3402162	1	1.1449832390526833	2.0667939143504763	1.2726111853001452	-1.06350726	-1.21769799	0.68517447	894191.625	362553.0625	92246.125	211374.86357084985	1
SBSS_1612+554	207427565	49	SPOC	120	16.00639915	72729.7265625	0.650389620306714	0.999999999998996	9.149415179919336	-2.203495491018937	5.183811207927134	9.465975454932432	WD	7.0	0	1	-0.4336009	-1.3402162	1	-0.3165602750130958	-1.640988701597382	-0.7447206986743407	-0.50855833	0.16098936	0.87350583	600852.0	285678.5	72261.3984375	168575.93900531274	1
SBSS_1612+554	207427565	76	SPOC	20	16.00639915	202975.953125	0.411737975343903	1.5104395902665996e-33	11.561284394470755	-1.8094011704226705	2.481888815801223	10.36560023501171	WD	7.0	0	1	-0.4336009	-1.3402162	1	1.1956841594590468	2.9675551425920945	1.6400758389577494	-1.50584517	-1.80051522	0.85883772	1749109.5	765031.625	194667.109375	451769.87694039824	1
SBSS_1612+554	207427565	77	SPOC	20	16.00639915	176693.859375	0.1229321639838001	4.613909465864676e-36	12.0964213680192	-1.466788823121408	2.1661670030023106	10.26653856510629	WD	7.0	0	0	-0.4336009	-1.3402162	1	1.829882802912909	3.963831747031324	2.7023874770166776	-1.6994168	-3.10973358	0.84129578	1486775.5	677652.25	170940.25	390576.99251490796	1
SBSS_1612+554	207427565	79	SPOC	20	16.00639915	293596.34375	0.2119009107148097	3.3568219720232375e-30	11.951599635034166	-1.5554454246073055	1.5448202949304268	10.783708513845196	WD	7.0	0	0	-0.4336009	-1.3402162	1	1.1678911211889709	1.8041819062817728	1.159913345553261	-0.92250788	-1.07738877	0.59106231	51399904.0	887268.5	294236.78125	517280.6586602479	1
SBSS_1612+554	207427565	78	SPOC	20	16.00639915	158619.578125	0.5895853632631812	2.8261289396828244e-05	11.075697810250444	-1.756115835640686	1.9572144598913404	10.14870229494751	WD	7.0	0	1	-0.4336009	-1.3402162	1	0.9269955153029326	1.814329026805324	1.0331488333418506	-0.99650631	-0.92375688	0.7501784	1401158.875	615054.625	155539.078125	357609.28402050777	1
SBSS_1612+554	207427565	76	SPOC	120	16.00639915	82434.3359375	0.1274085476291169	4.490678204583266e-27	10.825340204460444	-1.6177580929953626	2.016447740516261	9.559776752264026	WD	7.0	0	1	-0.4336009	-1.3402162	1	1.2655634521964174	2.551942563661425	1.57745621839936	-1.27073807	-1.60819966	0.85881907	703321.75	304868.5	78168.296875	177873.37313651494	1
SBSS_1612+554	207427565	77	SPOC	120	16.00639915	72155.8125	0.9728397767901398	0.0094315097185474	9.76703789052995	-2.365833503272804	2.004618283022604	9.472739745393286	WD	7.0	0	0	-0.4336009	-1.3402162	1	0.2942981451366648	0.589955442400598	0.2493647340713013	-0.53233799	-0.15666608	0.84129024	440052.0625	246369.25	62259.59765625	145996.5632830377	1
SBSS_1612+554	207427565	78	SPOC	120	16.00639915	66206.2578125	0.3063626609930606	3.754698903757407e-11	10.07512084080451	-1.7875134002754134	1.5391949822249795	9.379927966146283	WD	7.0	0	1	-0.4336009	-1.3402162	1	0.6951928746582272	1.0700373843525024	0.598617825291623	-0.64447953	-0.44803757	0.7501784	552589.25	258979.25	64512.9140625	145947.25417743766	1
SBSS_1612+554	207427565	79	SPOC	120	16.00639915	90674.578125	0.2100672539461474	2.030206265105773e-19	11.013904917005426	-1.617286492135134	2.305864465916327	9.64651905905999	WD	7.0	0	1	-0.4336009	-1.3402162	1	1.367385857945436	3.1530064610328914	1.949565816796199	-1.52812606	-2.08953796	0.59106231	828246.8125	354545.5625	89620.7890625	202760.23340318445	1
SBSS_1612+554	207427565	16	TESS-SPOC	1800	16.00639915	18197.87109375	5.703507265870846	0.9999999996519412	7.580028894401762	-2.310997854539809	14.90214010993736	8.240627422677244	WD	7.0	0	1	-0.4336009	-1.3402162	1	-0.6605985282754823	-9.844331824779651	-4.259775406299528	-0.73556733	0.4859147	0.87144148	104839.625	65250.015625	16326.9443359375	37697.359484716224	1
SBSS_1612+554	207427565	25	TESS-SPOC	1800	16.00639915	32416.576171875	1.0358484687499898	0.1187266474833981	8.627494074415733	-2.3811293643757763	15.14500330631869	8.70589199565955	WD	7.0	0	1	-0.4336009	-1.3402162	1	-0.0783979212438179	-1.1873367764461351	-0.49864438035579	-2.2806112	0.17879518	0.60979956	173609.46875	108015.0625	27515.701171875	64135.230110816425	1
SBSS_1612+554	207427565	24	TESS-SPOC	1800	16.00639915	18609.76171875	7.22651601688452	0.9890034363412116	7.279375075667906	-4.57707299013878	5.346067052047223	8.193000038066627	WD	7.0	0	1	-0.4336009	-1.3402162	1	-0.9136249623987204	-4.884300309407681	-1.0671230980871	-0.15381282	0.14052723	0.84456342	120451.46875	66847.625	16962.28125	39547.63604650467	1
SBSS_1612+554	207427565	23	TESS-SPOC	1800	16.00639915	18322.767578125	0.4755443427839697	0.7659871402082824	7.77196454538773	-2.2364598652255903	8.057301817103736	8.2723915686313	WD	7.0	0	1	-0.4336009	-1.3402162	1	-0.500427023243569	-4.032091563708223	-1.8028901955285068	-0.55213364	0.27630259	0.89496034	101291.8046875	62970.796875	16351.8603515625	38781.238133301464	1
SBSS_1612+554	207427565	51	TESS-SPOC	600	16.00639915	42943.4921875	0.2827939751044064	1.991176023121871e-12	9.923735968834814	-1.6980142757619197	1.623914117687426	8.988240733350565	WD	7.0	0	1	-0.4336009	-1.3402162	1	0.9354952354842484	1.519163919932194	0.8946708762213007	-0.83206488	-0.77839273	0.77158242	300863.4375	152548.21875	38271.0703125	81260.40392043513	1
SBSS_1612+554	207427565	50	TESS-SPOC	600	16.00639915	31932.361328125	0.4576248401517314	0.9102908141962064	9.257200191700372	-1.7837505802398448	2.150165010753154	8.746678015088834	WD	7.0	0	1	-0.4336009	-1.3402162	1	0.5105221766115378	1.0977069213636703	0.6153926078701384	-0.7444079	-0.38003674	0.91177028	200887.53125	121383.609375	30447.15234375	72745.24199212917	1
SBSS_1612+554	207427565	49	TESS-SPOC	600	16.00639915	33055.0390625	6.674536062173816	0.9999999771435212	8.419269851902337	-2.2636272450191086	9.147824943611994	8.77743590672171	WD	7.0	0	1	-0.4336009	-1.3402162	1	-0.3581660548193728	-3.2764403702317595	-1.4474292874152526	-0.82904066	0.29693422	0.84216452	224094.0625	126830.125	31831.1953125	75465.20252568739	1
SBSS_1612+554	207427565	52	TESS-SPOC	600	16.00639915	44940.76953125	0.3069983490492545	0.348195754124074	9.58881432755864	-1.947692298753588	1.545599745698682	9.000663528742628	WD	7.0	0	1	-0.4336009	-1.3402162	1	0.5881507988160131	0.9090457250825064	0.4667296398225961	-0.58191754	-0.34225527	0.66732597	334323.4375	169689.3125	42371.0234375	93822.37908285348	1
GD_362	88844987	25	SPOC	120	16.02560043	134598.5625	0.0798779161415831	6.080053891285641e-70	12.316692582350887	-1.48153260149022	2.2205407329766014	9.99013673096013	WD	7.0	0	1	-1.2343996	-0.6683639	1	2.32655585139076	5.166212035558238	3.4870727990472385	-1.93582315	-4.50380069	0.0468993	1099853.25	515830.5	131308.6875	304695.62142524304	1
GD_362	88844987	26	SPOC	120	16.02560043	168054.796875	0.1910207691597494	1.4793359253833903e-25	11.570328423222817	-1.6121582563712926	2.393090388682453	10.167242816493658	WD	7.0	0	1	-1.2343996	-0.6683639	1	1.4030856067291584	3.3577106799622367	2.082742600915558	-1.61207533	-2.26187969	0.06011255	1667923.75	656369.75	167051.84375	383672.9391872918	1
GD_362	88844987	52	SPOC	20	16.02560043	317285.28125	0.202519571593533	8.758977055779238e-195	13.220777358341108	-1.593509750218408	2.427011629509251	10.690778646725958	WD	7.0	0	1	-1.2343996	-0.6683639	1	2.52999871161515	6.140336295733391	3.85334090041921	-2.17725272	-5.50844658	0.05796164	2667087.5	1223948.0	310593.71875	718541.2794679585	1
GD_362	88844987	53	SPOC	20	16.02560043	359089.84375	0.3802550098175422	0.0	13.490700243895564	-1.4646909024194288	2.682327853879716	10.868464237457914	WD	7.0	0	1	-1.2343996	-0.6683639	1	2.622236006437649	7.033696679514016	4.802171344066863	-2.4327442	-6.37922943	0.04417022	6325177.0	1408984.5	358280.28125	823693.1628783185	1
GD_362	88844987	52	SPOC	120	16.02560043	124116.625	0.2823187250996776	1.4409287311775244e-82	11.8446468262307	-1.6730301182396363	1.924566196889102	9.859395009007144	WD	7.0	0	1	-1.2343996	-0.6683639	1	1.9852518172235565	3.82074853974112	2.2837296819027464	-1.5708625	-3.11855763	0.05796153	965446.625	452430.34375	115908.3203125	268387.545313863	1
GD_362	88844987	53	SPOC	120	16.02560043	160909.390625	0.0980721263850703	7.80402492077633e-15	11.252436788425856	-1.6028411516526355	1.5816005595822664	10.103467122736417	WD	7.0	0	1	-1.2343996	-0.6683639	1	1.1489696656894424	1.817211066197472	1.1337437052472767	-0.93404452	-1.07318882	0.0441702	1631102.0	628585.75	158654.78125	362120.0804712368	1
GD_362	88844987	79	SPOC	20	16.02560043	298550.40625	0.4182639124292362	0.0	13.33896274628274	-1.4749221790778495	1.9688809706192216	10.691176422610694	WD	7.0	0	1	-1.2343996	-0.6683639	1	2.6477863236720456	5.213176106943719	3.534543164984541	-1.79074038	-4.7414979	0.05292549	3423351.5	1176633.625	298882.8125	689491.6238633255	1
GD_362	88844987	80	SPOC	20	16.02560043	285825.9375	0.2136219150230709	2.2475052925716616e-294	13.23304333353112	-1.3834684609132508	2.006407602422967	10.650733838027694	WD	7.0	0	1	-1.2343996	-0.6683639	1	2.5823094955034254	5.181165403587089	3.745054947018391	-1.81138276	-4.67755089	0.05267897	3402778.5	1109570.75	283058.625	660256.3598447692	1
GD_362	88844987	79	SPOC	120	16.02560043	139920.5	0.0737060357947197	5.571753737478147e-47	11.235997895070035	-1.8113537980913903	1.5526691546206357	9.969201462836445	WD	7.0	0	1	-1.2343996	-0.6683639	1	1.2667964322335925	1.9669157455125688	1.0858815917603135	-0.97910104	-1.24032171	0.05292536	1288734.5	542749.75	137879.546875	319848.5934035002	1
GD_362	88844987	80	SPOC	120	16.02560043	147622.359375	0.2987135038024824	1.626058633176466e-46	11.45987080977222	-1.5798751835506468	1.4077224419169	9.987476109784346	WD	7.0	0	1	-1.2343996	-0.6683639	1	1.4723946999878752	2.072723062532433	1.3119536809700048	-0.97712924	-1.43871992	0.05267897	1218414.5	563656.625	143687.234375	328412.46462423797	1
GD_362	88844987	25	TESS-SPOC	1800	16.02560043	36291.94921875	0.156350111304804	0.0027091894648222	9.467385311464756	-2.1612445210258264	3.2484076947935083	8.752133048536285	WD	7.0	0	1	-1.2343996	-0.6683639	1	0.7152522629284714	2.323430954615316	1.0750430744932593	-1.38588204	-0.99125527	0.04684523	200580.625	111844.9609375	28893.765625	67721.57638335756	1
GD_362	88844987	26	TESS-SPOC	1800	16.02560043	44863.26171875	0.9934612973304074	1.0835414047631394e-09	9.742482031367762	-1.753125945569598	2.428714940086875	8.944668016738953	WD	7.0	0	1	-1.2343996	-0.6683639	1	0.7978140146288091	1.9376628167396768	1.105261616620546	-1.11509983	-0.88964227	0.06004294	226138.453125	145048.5625	37424.6328125	91424.7943767376	1
GD_362	88844987	52	TESS-SPOC	600	16.02560043	62137.56640625	0.6999378814610591	1.9576085025859316e-92	11.10729337186664	-1.683757841604261	2.8619960790978727	9.094832744127396	WD	7.0	0	1	-1.2343996	-0.6683639	1	2.0124606277392463	5.759654425928567	3.420714240262037	-2.35063593	-4.73056225	0.05787889	293106.90625	172162.109375	45096.953125	109350.90967516253	1
GD_362	88844987	53	TESS-SPOC	600	16.02560043	85173.5703125	1.0059693403066827	4.116515482572824e-40	10.512175084838194	-2.0624726144129566	3.1989004690883305	9.426720830976926	WD	7.0	0	1	-1.2343996	-0.6683639	1	1.0854542538612684	3.472260121850735	1.6835424129202547	-1.81699094	-1.97226054	0.04412583	534926.3125	280708.25	72196.7890625	171852.13236971333	1
HD_172555	464405850	66	SPOC	120	4.61569977	1140.463623046875	2.821613107378758	7.645921039663849e-43	5.293790242719961	-3.669886293616788	15.521399176251292	4.116525385343666	WD	7.0	0	0	-999.0	-999.0	0	1.1772648573762954	18.272797787510022	4.979118241154445	-9.31912919	-10.9710833	0.9905538	8403.4609375	4391.37744140625	1127.295166015625	2729.410460918201	1
HD_172555	464405850	66	TESS-SPOC	200	4.61569977	1129.4512939453125	2.820239166612706	9.613736361285232e-23	5.845144450759419	-2.077581921215817	0.7366715100214205	6.794667128310998e-08	WD	7.0	0	0	-999.0	-999.0	0	5.845144382812747	4.305951338779891	2.0725783637258526	-0.73491273	-4.29567099	0.99031985	8195.4208984375	4326.7685546875	1114.7423095703125	2700.4189543870616	1
V*_ZZ_Psc	422526868	42	SPOC	20	13.10770035	24496.4296875	0.2342258000732917	0.0028651023032099	9.25778361873177	-1.6868947228619342	2.35024548732319	8.37085146404152	WD	7.0	0	1	-0.7422996	-3.9873254	1	0.8869321546902498	2.084508294122593	1.2357074012218614	-1.16051985	-1.02930237	0.99833626	217290.21875	96994.453125	24668.966796875	55829.460807576135	1
V*_ZZ_Psc	422526868	42	SPOC	120	13.10770035	18261.34375	1.2791574101087253	1.0	8.184401675038034	-1.6782974062502731	2.771962203969093	7.641195957507626	WD	7.0	0	1	-0.7422996	-3.9873254	1	0.5432057175304079	1.5057457179742024	0.8971864655016101	-0.99488298	-0.54042612	0.99833584	142946.125	71562.28125	18552.974609375	41335.756120478334	1
V*_ZZ_Psc	422526868	56	SPOC	20	13.10770035	30227.4609375	0.0824892743416664	2.0703186581394012e-17	10.040897469713636	-1.4471475656150097	1.927713300096152	8.529963863122848	WD	7.0	0	0	-0.7422996	-3.9873254	1	1.510933606590788	2.912646808987309	2.012681276044914	-1.35921573	-2.05368473	0.99426615	262320.5	120220.4453125	30407.509765625	64624.59833204138	1
V*_ZZ_Psc	422526868	56	SPOC	120	13.10770035	24716.7890625	0.5953969153781542	1.0	9.050601729400048	-1.6028749414463557	2.0316991967904228	7.872981271890913	WD	7.0	0	1	-0.7422996	-3.9873254	1	1.1776204575091356	2.392570537645281	1.4926744911779222	-1.22009218	-1.43680551	0.99426597	172998.3125	95396.8984375	24592.5546875	49633.82601151837	1
V*_ZZ_Psc	422526868	70	SPOC	20	13.10770035	24258.076171875	0.2340975601853242	9.499905627588696e-07	9.210478977763565	-1.668207327186385	2.7730553840251333	8.349982110799683	WD	7.0	0	1	-0.7422996	-3.9873254	1	0.8604968669638797	2.3862054698709456	1.4304010244910883	-1.34096688	-1.1538978	0.98946512	219939.6875	96442.21875	24403.4140625	54134.71935461074	1
V*_ZZ_Psc	422526868	70	SPOC	120	13.10770035	18673.29296875	0.4885415561822198	1.0	8.582784975849217	-1.752640966326393	2.348372930884495	7.681475611739275	WD	7.0	0	0	-0.7422996	-3.9873254	1	0.9013093641099416	2.116610513028504	1.207669199622217	-1.17258137	-1.05685856	0.98946512	129436.5625	72647.2578125	18500.439453125	39296.80321799473	1
V*_ZZ_Psc	422526868	42	TESS-SPOC	600	13.10770035	5715.7392578125	1.2214763485283722	0.5197576874555542	7.373292887918506	-1.7616480599386908	2.759236819553278	6.992568803897503	WD	7.0	0	1	-0.7422996	-3.9873254	1	0.3807240840210033	1.0505079107214483	0.5963211010251437	-0.8193075	-0.3119301	0.95518351	42716.8828125	22297.97265625	5611.70947265625	12840.871314799584	1
V*_ZZ_Psc	422526868	56	TESS-SPOC	200	13.10770035	23094.1875	0.5954166895434588	1.0	8.927223023949585	-1.572384923641109	2.117694961846639	7.707031935105567	WD	7.0	0	1	-0.7422996	-3.9873254	1	1.2201910888440182	2.583992521335142	1.6433587491741486	-1.30250925	-1.58931018	0.95572448	161152.25	87429.4375	22905.015625	50264.52834937357	1
V*_ZZ_Psc	422526868	70	TESS-SPOC	200	13.10770035	17445.5625	0.0683103954784256	1.0	8.457277167634183	-1.7030916279857824	2.7406401404567857	7.482088275193139	WD	7.0	0	0	-0.7422996	-3.9873254	1	0.9751888924410448	2.672641823151522	1.569288333777091	-1.44538911	-1.40952741	0.9410246	121779.359375	67272.609375	17185.962890625	37288.05500725492	1
