Name TIC_ID Sector Author Exptime Magnitude SlopeB Slope2B BreakpointB
V*_CI_Hyi 234300677 01 SPOC 120 5.26399994 -1.4852500009955907 -1.5052842446388366 1.9447087763066158
V*_CI_Hyi 234300677 02 SPOC 120 5.26399994 0.2529797672799827 -1.6668048053271374 1.6989700043360187
V*_CI_Hyi 234300677 27 SPOC 120 5.26399994 -1.6262104489003433 -1.4306111994575454 1.8156959210220522
V*_CI_Hyi 234300677 29 SPOC 120 5.26399994 -2.0498484322447927 -1.288976311761179 2.0
V*_CI_Hyi 234300677 67 SPOC 120 5.26399994 -2.0481943979487416 -1.1068599811363402 2.0
V*_CI_Hyi 234300677 69 SPOC 120 5.26399994 -2.2211046647504844 -0.5775505976164615 2.0
V*_CI_Hyi 234300677 01 TESS-SPOC 1800 5.26399994 -1.8981823389264636 -0.858843872034015 1.8955610219124963
V*_CI_Hyi 234300677 02 TESS-SPOC 1800 5.26399994 -2.0840503746500696 -1.3204073621650492 1.6989700043360187
V*_CI_Hyi 234300677 27 TESS-SPOC 600 5.26399994 -1.9937554999294138 -1.1389461115708455 2.0
V*_CI_Hyi 234300677 29 TESS-SPOC 600 5.26399994 -2.034681691909515 -1.266655661987073 2.0
V*_CI_Hyi 234300677 69 TESS-SPOC 200 5.26399994 -2.045224712513228 -1.900751935636207 2.0
V*_CI_Hyi 234300677 67 TESS-SPOC 200 5.26399994 -1.5688968049644592 -1.793693928032917 2.0
V*_EY_Hya 393806122 34 SPOC 120 4.68690014 0.3389986458395779 -1.9363210468322047 1.6989700043360187
V*_EY_Hya 393806122 61 SPOC 120 4.68690014 -0.9656773523293009 -1.1424169774173771 1.6989700043360187
V*_EY_Hya 393806122 88 SPOC 20 4.68690014 -3.406759771700374 -1.7668962695612174 1.7726916359271978
V*_EY_Hya 393806122 88 SPOC 120 4.68690014 -1.1765776942282562 -1.6560014447610991 1.6989700043360187
V*_EY_Hya 393806122 34 TESS-SPOC 600 4.68690014 -2.001597205628423 -0.1718861204519446 1.9569957149051456
V*_EY_Hya 393806122 61 TESS-SPOC 200 4.68690014 -2.7051178365293618 -0.9481472214671763 1.7972655131242576
V*_Y_Gem 70580781 44 SPOC 120 5.04510021 -1.5252751998000995 -0.4562391696491584 2.0
V*_Y_Gem 70580781 45 SPOC 120 5.04510021 -0.6897970244645494 -2.031796902017714 1.7235438815330784
V*_Y_Gem 70580781 46 SPOC 120 5.04510021 -0.8281566866094238 -2.008477744230481 1.8525567368176419
V*_Y_Gem 70580781 71 SPOC 120 5.04510021 -2.171017278325538 -1.666020174279694 1.840269798219112
V*_Y_Gem 70580781 44 TESS-SPOC 600 5.04510021 -1.9607996229034774 -1.0677047947584937 2.0
V*_Y_Gem 70580781 45 TESS-SPOC 600 5.04510021 -2.020320328474399 -1.4271405870736764 2.0
V*_Y_Gem 70580781 46 TESS-SPOC 600 5.04510021 -2.0044736601533937 -1.366042124847813 2.0
V*_Y_Gem 70580781 71 TESS-SPOC 200 5.04510021 -2.794120799122717 -1.2447897840161737 1.8218393903213173
CD-38_3905 132636906 61 TESS-SPOC 200 8.40380001 -1.150553117358228 -0.07677291691035397 2.0
CD-38_3905 132636906 62 TESS-SPOC 200 8.40380001 -1.3634995137666635 -0.18558340253023922 2.0
IRAS_08427+0338 350315597 61 TESS-SPOC 200 11.32330036 -1.4139255167717906 -0.6217827849625922 2.0
V*_DH_Eri 178804201 05 SPOC 120 5.14340019 -1.6443069703353204 -1.857760333808581 2.0
V*_DH_Eri 178804201 31 SPOC 120 5.14340019 -0.2572615327926245 -1.931877771377213 1.6989700043360187
V*_DH_Eri 178804201 32 SPOC 120 5.14340019 -1.5567504577430518 -0.8060387600615743 2.0
V*_DH_Eri 178804201 05 TESS-SPOC 1800 5.14340019 -0.9512939540040054 -0.466680350524016 2.0
V*_DH_Eri 178804201 31 TESS-SPOC 600 5.14340019 -1.218812209750281 -1.4595336560622634 1.9877130614014702
V*_DH_Eri 178804201 32 TESS-SPOC 600 5.14340019 -1.6392255711571861 -0.5585290820992331 2.0
HD_165774 330960059 13 SPOC 120 6.05959988 -1.9031333427231323 -0.2508950838276072 1.993856530700735
HD_165774 330960059 13 TESS-SPOC 1800 6.05959988 -1.342836097995755 0.06401536612981157 1.9017044912117613
HD_165774 330960059 66 TESS-SPOC 200 6.05959988 -2.1577494290447032 -0.9111236489163513 2.0
V*_RW_And 267942318 17 SPOC 120 6.78989983 -1.3446381579517535 -1.798640043218557 1.7972655131242576
V*_RW_And 267942318 17 TESS-SPOC 1800 6.78989983 -1.4473076078265967 -0.22411554163915298 1.993856530700735
V*_RW_And 267942318 57 TESS-SPOC 200 6.78989983 -2.177975708439674 -1.483420447049098 1.7788351052264628
WRAY_18-305 212203684 66 TESS-SPOC 200 8.85459995 -1.872524300236449 -0.28322050069479154 2.0
HD_187372 272841269 15 SPOC 120 4.39794016 -1.8071438476865316 -0.9870661071307513 1.9631391842044104
HD_187372 272841269 14 SPOC 120 4.39794016 -1.5820548374522538 -0.4068681776796745 1.7051134736352838
HD_187372 272841269 41 SPOC 120 4.39794016 -2.570534509949157 -0.8263967010316416 2.0
HD_187372 272841269 56 SPOC 120 4.39794016 -2.8522353029484115 -0.9741789777610366 2.0
HD_187372 272841269 55 SPOC 120 4.39794016 -2.3271173692882914 -0.6412268366697585 2.0
HD_187372 272841269 54 SPOC 120 4.39794016 -3.0175028205411167 -0.8993269169409037 2.0
HD_187372 272841269 82 SPOC 120 4.39794016 -2.163337375803819 -1.4165923190978869 1.858700206116907
HD_187372 272841269 74 SPOC 120 4.39794016 -2.5103962314862716 -1.0737869033126146 2.0
HD_187372 272841269 75 SPOC 120 4.39794016 -2.455786142402996 -1.276945118598524 2.0
HD_187372 272841269 15 TESS-SPOC 1800 4.39794016 -2.0306798896549147 -0.7022572129361127 1.858700206116907
HD_187372 272841269 14 TESS-SPOC 1800 4.39794016 -1.9186447450099446 -0.606734348812373 1.8156959210220522
HD_187372 272841269 41 TESS-SPOC 600 4.39794016 -0.4811739443788995 -1.1921872763670418 1.920134899109556
HD_187372 272841269 56 TESS-SPOC 200 4.39794016 -2.936443289846173 -1.6912342438196277 1.754261228029403
HD_187372 272841269 55 TESS-SPOC 600 4.39794016 -1.872240701398075 -0.5034004974228435 2.0
HD_187372 272841269 54 TESS-SPOC 600 4.39794016 -1.8923443397310677 -0.9819888766269711 1.8709871447154367
V*_R_Aqr 92138849 02 SPOC 120 5.35629988 -1.1406646600199646 -0.856514305022172 1.6989700043360187
V*_R_Aqr 92138849 29 SPOC 120 5.35629988 -0.19034502935898218 -1.1721552139645106 1.6989700043360187
V*_R_Aqr 92138849 70 SPOC 20 5.35629988 -1.9739532244615605 -0.6156144402892455 2.0
V*_R_Aqr 92138849 69 SPOC 120 5.35629988 -0.5753192542936812 -0.41791529417363293 1.6989700043360187
V*_R_Aqr 92138849 70 SPOC 120 5.35629988 -1.7313953773605764 -0.6232741572590695 1.9508522456058806
V*_R_Aqr 92138849 02 TESS-SPOC 1800 5.35629988 -1.7186593798039629 -0.7205277685087996 1.9631391842044104
V*_R_Aqr 92138849 29 TESS-SPOC 600 5.35629988 -2.0304128330592373 -0.5560371500216666 2.0
V*_R_Aqr 92138849 69 TESS-SPOC 200 5.35629988 -0.8471057568967448 -0.6614110583005061 1.6989700043360187
V*_R_Aqr 92138849 70 TESS-SPOC 200 5.35629988 -2.6435699446217926 -1.2550862174627537 1.8034089824235224
V*_R_UMa 310965252 20 SPOC 120 4.87960005 -0.34174219007778384 -0.3319881881061859 1.6989700043360187
V*_R_UMa 310965252 14 SPOC 120 4.87960005 -2.181272609374923 -1.3580116755364116 1.754261228029403
V*_R_UMa 310965252 21 SPOC 120 4.87960005 -2.575448177912091 -0.7325221831075387 2.0
V*_R_UMa 310965252 47 SPOC 120 4.87960005 -1.9904829584162382 -1.7671873349635083 1.8894175526132313
V*_R_UMa 310965252 41 SPOC 120 4.87960005 -1.0298447475188388 -0.7559146300174908 1.754261228029403
V*_R_UMa 310965252 40 SPOC 120 4.87960005 -1.6596539883462584 -1.7631905950918056 1.8955610219124963
V*_R_UMa 310965252 48 SPOC 120 4.87960005 -1.6917609745657984 -0.7817756383590257 2.0
V*_R_UMa 310965252 75 SPOC 120 4.87960005 -2.3422818858691996 -0.957335232264677 1.6989700043360187
V*_R_UMa 310965252 74 SPOC 120 4.87960005 -1.5677577201264141 -0.8532720999461032 2.0
V*_R_UMa 310965252 14 TESS-SPOC 1800 4.87960005 -2.9397494652002134 0.24710747034242886 1.8525567368176419
V*_R_UMa 310965252 20 TESS-SPOC 1800 4.87960005 -2.0488474678242943 0.700279312381456 1.834126328919847
V*_R_UMa 310965252 21 TESS-SPOC 1800 4.87960005 0.6735688612022318 -0.29739800953584933 1.760404697328668
V*_R_UMa 310965252 40 TESS-SPOC 600 4.87960005 -2.008479116157152 -1.422535612161475 2.0
V*_R_UMa 310965252 41 TESS-SPOC 600 4.87960005 -2.0500571388289974 -0.6542804820120123 1.9508522456058806
V*_R_UMa 310965252 47 TESS-SPOC 600 4.87960005 -1.784199259865351 -1.0294047895264644 1.9877130614014702
V*_R_UMa 310965252 48 TESS-SPOC 600 4.87960005 -1.959476766451059 -0.5193784866310516 1.9815695921022052
V*_RX_Pup 182401518 35 SPOC 120 10.90139961 -2.2084399966260704 -0.1419235624834361 2.0
V*_RX_Pup 182401518 88 SPOC 120 10.90139961 -2.5456548802721377 -0.472557228117167 2.0
V*_RX_Pup 182401518 89 SPOC 120 10.90139961 -2.7843374655116393 -0.5321968256574655 2.0
V*_RX_Pup 182401518 35 TESS-SPOC 600 10.90139961 -2.0204068795478833 -0.2413425228318606 2.0
CD-57_3057 463038319 36 SPOC 120 6.92519999 -1.7277074615009644 -1.5473823232475712 1.7235438815330784
CD-57_3057 463038319 37 SPOC 120 6.92519999 -0.6906832590317383 -1.550765645366877 2.0
CD-57_3057 463038319 36 TESS-SPOC 600 6.92519999 -1.7813178034315233 -1.5639121281072834 1.7296873508323434
CD-57_3057 463038319 37 TESS-SPOC 600 6.92519999 -0.7049665327598045 -1.6132245169013777 1.9815695921022052
CD-57_3057 463038319 63 TESS-SPOC 200 6.92519999 -1.4333883830636809 -1.228830763098316 1.8894175526132313
CD-57_3057 463038319 64 TESS-SPOC 200 6.92519999 -1.1457828061221016 -1.4266276135673202 1.9815695921022052
V*_BI_Cru 311758230 37 SPOC 120 9.53369999 -1.9195647552584119 -1.678690885702727 2.0
V*_BI_Cru 311758230 38 SPOC 120 9.53369999 -0.7680392500708328 -2.0332012985984087 1.766548166627933
V*_BI_Cru 311758230 37 TESS-SPOC 600 9.53369999 -2.584933365172436 -2.0253816158639935 1.7972655131242576
V*_BI_Cru 311758230 38 TESS-SPOC 600 9.53369999 -2.088407688299328 -1.4290720171359284 2.0
V*_BI_Cru 311758230 64 TESS-SPOC 200 9.53369999 -3.7951910173461276 -1.0289519392031197 1.8095524517227874
V*_BI_Cru 311758230 65 TESS-SPOC 200 9.53369999 -2.343347603620615 -0.7360834180665764 2.0
WRAY_16-147 329892320 38 SPOC 120 13.15330029 -0.20467901379727602 0.03912502231197818 1.8771306140147015
WRAY_16-147 329892320 38 TESS-SPOC 600 13.15330029 -0.17689836409999582 -0.008734328357113965 1.8955610219124963
EM*_AS_373 171876171 41 SPOC 20 11.21310043 -1.1091097933355776 -0.08081503972811256 1.7112569429345486
EM*_AS_373 171876171 41 SPOC 120 11.21310043 -0.3123924482714287 0.03689587261494003 1.8218393903213173
EM*_AS_373 171876171 55 SPOC 20 11.21310043 -0.6992659543717606 -0.11608982878368476 1.9631391842044104
EM*_AS_373 171876171 54 SPOC 20 11.21310043 -1.0769155765666756 -0.22891544632646282 1.6989700043360187
EM*_AS_373 171876171 55 SPOC 120 11.21310043 -0.2819192874710033 -0.07050819125968315 1.9139914298102911
EM*_AS_373 171876171 54 SPOC 120 11.21310043 -0.6333976591821021 -0.08411850125098702 1.9631391842044104
EM*_AS_373 171876171 81 SPOC 20 11.21310043 -0.5870536537241289 -0.04199109081898687 2.0
EM*_AS_373 171876171 75 SPOC 20 11.21310043 -0.8655533932651012 -0.011486658829591196 1.7788351052264628
EM*_AS_373 171876171 82 SPOC 20 11.21310043 -0.9878733712001396 -0.02969177279298679 1.9139914298102911
EM*_AS_373 171876171 82 SPOC 120 11.21310043 -0.3446568430716246 0.06490897639759591 1.9385653070073507
EM*_AS_373 171876171 81 SPOC 120 11.21310043 -0.21415827793060185 -0.0721448804486861 1.754261228029403
EM*_AS_373 171876171 75 SPOC 120 11.21310043 -0.30976110195749834 -0.01426894354346545 1.7849785745257276
EM*_AS_373 171876171 41 TESS-SPOC 600 11.21310043 -0.24174800450958395 0.17219347372600194 2.0
EM*_AS_373 171876171 55 TESS-SPOC 600 11.21310043 -0.3056998901351127 0.012220041851832794 2.0
EM*_AS_373 171876171 54 TESS-SPOC 600 11.21310043 -0.44680771935559604 -0.04811278644753107 1.920134899109556
V*_RR_Tel 421990485 27 SPOC 120 10.88379955 -2.3483552582030605 -0.9675265175520231 1.6989700043360187
V*_RR_Tel 421990485 67 SPOC 120 10.88379955 -2.2027060618445033 -1.6185823128908985 1.7419742894308732
V*_RR_Tel 421990485 27 TESS-SPOC 600 10.88379955 -1.5035902318062142 -0.07707484448073934 2.0
V*_RR_Tel 421990485 67 TESS-SPOC 200 10.88379955 -2.0335155813281895 -1.0834603055782541 2.0
V*_TW_Cen 112098802 64 TESS-SPOC 200 6.43349981 -2.643323323491872 -0.677242813205054 1.8095524517227874
V*_V1261_Ori 24603068 05 SPOC 120 4.71759987 -0.9003164226680374 -1.9913797662178847 1.7112569429345486
V*_V1261_Ori 24603068 32 SPOC 120 4.71759987 -1.7242633060443013 -1.738063003414233 1.6989700043360187
V*_V1261_Ori 24603068 05 TESS-SPOC 1800 4.71759987 -0.7273492522650368 -0.710650494697257 1.8832740833139665
V*_V1261_Ori 24603068 32 TESS-SPOC 600 4.71759987 -2.3871224561247795 -0.4712193144403363 2.0
