Name	TIC_ID	Sector	Author	Exptime	Magnitude	RMS	Max_freq	Max_FAP	log(Alpha)	log(Tau)	Gamma	log(Bias)	Type	TypeColor	bump	lc_q	T-NUV	D(UV)	binarity_filter	A-B	Gamma2	Gamma_Tau	max_slope	Unnamed: 24	CROWDSAP
0_RS_Oph	6348255	80	SPOC	20	9.46450043	37357.80078125	0.2873505400240591	0.0	12.635973657114556	-1.7817746285476102	1.6360819967751126	7.464481553589441	Merc	1	0	1	-6.3954996	-3.0231674	1	5.171492103525115	8.460985127042099	4.748628132582041	-1.62761047	-8.41717469	0.95945269
0_RS_Oph	6348255	80	SPOC	120	9.46450043	51935.66796875	0.0794092212450963	0.0	12.823072488552327	-1.2690191674509907	1.6527985658300657	3.971944611838327e-10	Merc	1	0	1	-6.3954996	-3.0231674	1	12.823072488155132	21.19395581795777	16.70105256213656	-1.65279728	-21.19393939	0.95945221
0_SULyn	11670502	20	SPOC	120	5.00400019	544.3944702148438	0.0531961332497715	0.0	8.212850343990015	-1.3954267879215216	2.5191252208633568	5.13746721874626	Merc	1	0	1	-11.0559998	-3.68536	1	3.0753831252437545	7.747275194619113	5.551903734167684	-2.37722012	-7.31086264	0.9996115
0_SULyn	11670502	60	SPOC	120	5.00400019	381.9600830078125	0.1904213799345767	0.0	7.820225711295115	-1.5288726247001907	1.905454334130041	4.674044673271453	Merc	1	0	1	-11.0559998	-3.68536	1	3.146181038023662	5.994904294859937	3.921127370591469	-1.80629511	-5.68293144	0.99957055
0_SULyn	11670502	73	SPOC	120	5.00400019	3401.33837890625	0.0521408889119273	0.0	10.38464122597398	-1.3888961193940117	2.1127409645577484	6.697591650550725	Merc	1	0	1	-11.0559998	-3.68536	1	3.687049575423254	7.789780676351962	5.608612888738373	-2.05302026	-7.56958746	0.99943435
0_SULyn	11670502	20	TESS-SPOC	1800	5.00400019	283.3403015136719	0.1352399140643577	3.433812284473471e-108	6.946565273083433	-1.2701790345915391	2.3319743894356404	3.91823599203726	Merc	1	0	1	-11.0559998	-3.68536	1	3.028329281046173	7.0619863261777205	5.559835372695075	-2.19352268	-6.64270897	0.99953431
0_SULyn	11670502	60	TESS-SPOC	200	5.00400019	1350.5980224609375	0.1859297080866981	1.0613307269127685e-143	9.188488457947926	-1.593220932385191	2.3177403176891542	4.909086535834565	Merc	1	0	1	-11.0559998	-3.68536	1	4.279401922113362	9.9185423704786	6.225465764895315	-2.28437882	-9.77577513	0.9994939
0_V1044_Cen	30541762	37	SPOC	120	8.69349957	7102.01220703125	0.3849338881662322	5.020070913685447e-20	8.664962923593361	-2.045977570136236	1.5895234878655868	5.321941287064888	Merc	1	2	1	-999.0	-999.0	0	3.343021636528473	5.31381141170486	2.597199250503527	-1.52322036	-5.09215862	0.90243429
0_V1044_Cen	30541762	37	TESS-SPOC	600	8.69349957	7642.5283203125	0.3982669414343135	2.844975604181313e-06	8.370011454482105	-1.7516809670571771	1.5514979193686205	8.852689155806209e-16	Merc	1	2	1	-999.0	-999.0	0	8.370011454482105	12.986055356720508	7.413482021521917	-1.55129527	-12.98435917	0.90092713
0_V1044_Cen	30541762	64	TESS-SPOC	200	8.69349957	8165.3896484375	0.1941742021073851	5.8130186905521115e-126	9.740484128518458	-1.324697790865807	1.601546480025562	5.217677850807945	Merc	1	2	1	-999.0	-999.0	0	4.522806277710513	7.243484473904787	5.468027895759176	-1.5840968	-7.16456295	0.89152378
0_BX_Mon	64333488	7	SPOC	120	8.61250019	602.4385375976562	0.2474039279237264	0.0	9.03651350402446	-1.2505031272079483	2.1621020762981917	5.143886862074521	Merc	1	1	1	-999.0	-999.0	0	3.8926266419499393	8.41625614481362	6.730295959838943	-2.11372066	-8.22792536	0.97586173
0_BX_Mon	64333488	7	TESS-SPOC	1800	8.61250019	892.712158203125	0.253927305360726	8.802364183095069e-114	7.993247390990017	-1.3426008886369576	3.323290120854644	4.417765014351469	Merc	1	0	1	-999.0	-999.0	0	3.575482376638548	11.88236525957277	8.850258747881545	-3.21668521	-11.50120127	0.9692229
0_EG_And	115780639	17	SPOC	120	5.2986002	849.8716430664062	0.0932473135798307	0.0	8.866088914132778	-1.3834717219947328	1.577137693507434	4.291891388417282	Merc	1	2	1	-8.7013998	-5.309759	1	4.574197525715496	7.214139335354348	5.214518822945493	-1.56093607	-7.1400299	0.99970365
0_EG_And	115780639	57	SPOC	120	5.2986002	149.72119140625	0.0834494318555178	0.0	7.592601353313593	-1.438939493903739	2.349505286731605	4.077277127318228	Merc	1	0	1	-8.7013998	-5.309759	1	3.515324225995365	8.259272853551797	5.739833320680487	-2.26882698	-7.97566244	0.99968064
0_EG_And	115780639	84	SPOC	120	5.2986002	178.7572784423828	0.1203873289512197	0.0	7.599502761530152	-1.45299331113174	2.0784632222176533	3.884581284251351	Merc	1	0	1	-8.7013998	-5.309759	1	3.714921477278801	7.721327663950462	5.314083419927309	-2.02154102	-7.50986615	0.99971324
0_EG_And	115780639	17	TESS-SPOC	1800	5.2986002	467.416259765625	0.0816926439256221	2.312483604693469e-147	9.52589926569468	-1.2424740964806709	2.3200660340715022	5.527276602054316	Merc	1	0	1	-8.7013998	-5.309759	1	3.998622663640365	9.277068624980528	7.466609284859929	-2.27405423	-9.09308479	0.99962628
0_EG_And	115780639	57	TESS-SPOC	200	5.2986002	171.3748779296875	0.0712866082241953	0.0	9.7230006501058	-1.521544979160964	2.1794955535418628	4.996934009620912	Merc	1	0	1	-8.7013998	-5.309759	1	4.7260666404848894	10.300441228679343	6.7697250950539685	-2.16068203	-10.21152727	0.99960029
0_ASAS_J152058-4519.7	146068950	65	TESS-SPOC	200	9.16180038	1158.71435546875	0.1822935798575242	0.0	9.492157563420026	-1.374023617730739	2.477084661475164	5.390085512477735	Merc	1	0	1	-999.0	-999.0	0	4.102072050942291	10.161179757655114	7.395200218200582	-2.4334257	-9.98208754	0.92871195
0_RTCru	180045004	64	TESS-SPOC	200	8.87969971	8893.6552734375	0.2916864403462236	7.905896917999999e-277	10.3185884797623	-1.571183824401622	1.6613301772698437	6.439780030776229	Merc	1	1	1	-999.0	-999.0	0	3.87880844898607	6.443981528149795	4.101354296085599	-1.62356525	-6.29749862	0.74197859
0_RTCru	180045004	65	TESS-SPOC	200	8.87969971	8157.55517578125	0.7218641071855395	8.609879034192345e-256	10.322583777209552	-1.496780739385778	1.6511802430661588	6.307684034469218	Merc	1	1	1	-999.0	-999.0	0	4.014899742740336	6.629323133104246	4.429054275394183	-1.61903582	-6.50026651	0.77367854
0_omi_Cet_Mira	332890609	4	SPOC	120	2.25900006	39213.578125	0.1033880371750443	0.0	12.580638997268242	-1.503400732872805	2.176266750576921	7.850305317595137	Merc	1	0	1	-999.0	-999.0	0	4.730333679673104	10.29446790620676	6.8474543620418205	-2.15757276	-10.20603911	0.90412331
0_omi_Cet_Mira	332890609	31	SPOC	120	2.25900006	896.4447021484375	0.1022467034626062	0.0	9.119643784862998	-1.0005179181086663	1.6750578978300283	5.561324023644805	Merc	1	2	1	-999.0	-999.0	0	3.5583197612181925	5.960391619033194	5.9573062222618125	-1.62027073	-5.76544137	0.90417272
0_omi_Cet_Mira	332890609	4	TESS-SPOC	1800	2.25900006	5998.93896484375	0.1035002085425055	7.10652260486528e-165	11.115251394171038	-1.4246494099293712	3.007627281351654	8.139018910089414	Merc	1	0	0	-999.0	-999.0	0	2.976232484081624	8.951398014768895	6.28322866831684	-2.81838173	-8.38815927	0.90409011
0_omi_Cet_Mira	332890609	31	TESS-SPOC	600	2.25900006	776.8417358398438	0.2203319774889875	6.699193106272393e-144	8.883928122777542	-1.2558421238636637	2.1193973391414667	5.151446573103884	Merc	1	1	0	-999.0	-999.0	0	3.7324815496736576	7.910611464772968	6.29904931078085	-2.06249994	-7.69824299	0.90414864
0_CHCyg	350739215	14	SPOC	120	3.7260499	2293.651611328125	0.0763499267484723	0.0	10.200860851315433	-1.2860506932215368	1.8163458353882795	5.770861934238489	Merc	1	0	1	-999.0	-999.0	0	4.429998917076944	8.046410083807293	6.25668189148218	-1.79433777	-7.94891437	0.99858558
0_CHCyg	350739215	15	SPOC	120	3.7260499	9292.6611328125	0.0921562629640937	0.0	10.596383388966837	-1.3225474764713654	1.9396716012101736	7.573456237242311	Merc	1	1	1	-999.0	-999.0	0	3.022927151724524	5.863485948727217	4.433478610818073	-1.82381497	-5.51325978	0.99825478
0_CHCyg	350739215	40	SPOC	120	3.7260499	2154.29248046875	0.0921972848372106	0.0	9.332160572134416	-1.5024786177269247	1.513648784160536	2.1217760124894765e-15	Merc	1	0	1	-999.0	-999.0	0	9.332160572134413	14.125613503602146	9.401540452517423	-1.51358348	-14.12500404	0.99877369
0_CHCyg	350739215	54	SPOC	120	3.7260499	1130.2724609375	0.1353445091091145	0.0	9.231466128275946	-1.1968922443579149	1.5089864996507218	4.859264786757648	Merc	1	0	1	-999.0	-999.0	0	4.372201341518298	6.597592798105886	5.512269654354083	-1.48945276	-6.51218736	0.99879539
0_CHCyg	350739215	56	SPOC	120	3.7260499	1776.457275390625	0.0699427378836041	0.0	10.278975401934195	-1.311579409668978	1.8129817756954656	5.021788204106076	Merc	1	0	1	-999.0	-999.0	0	5.257187197828119	9.531184581081892	7.266951974709189	-1.80447415	-9.48645839	0.99668002
0_CHCyg	350739215	55	SPOC	120	3.7260499	1779.41162109375	0.3626350737856297	5.3134805855987015e-294	8.92001147570392	-1.494668862153067	1.3986346439722837	5.567389670371707	Merc	1	0	1	-999.0	-999.0	0	3.3526218053322125	4.689093005074534	3.1372119429315646	-1.34092174	-4.49560346	0.99827546
0_CHCyg	350739215	74	SPOC	20	3.7260499	2491.21923828125	0.1142067144743406	0.0	10.28445618987628	-1.3655483029420912	2.59729635971536	6.421374833118122	Merc	1	0	1	-999.0	-999.0	0	3.8630813567581583	10.033567145192238	7.347647185804259	-2.53718916	-9.80136814	0.99858081
0_CHCyg	350739215	82	SPOC	20	3.7260499	743.127197265625	0.2223996315690515	0.0	8.403941775645363	-1.1799858630763085	1.4892932405341823	5.504654901560153	Merc	1	1	1	-999.0	-999.0	0	2.8992868740852096	4.317888343944581	3.659271249816108	-1.38721151	-4.02192413	0.99763024
0_CHCyg	350739215	81	SPOC	20	3.7260499	764.0086669921875	0.1558652132134299	0.0	9.24361601240104	-1.3553348938318135	1.937957401560518	5.635515253362105	Merc	1	1	1	-999.0	-999.0	0	3.6081007590389342	6.992345571555626	5.159127536211225	-1.87804663	-6.77618147	0.99880898
0_CHCyg	350739215	80	SPOC	20	3.7260499	721.5556030273438	0.166354515864256	0.0	10.561235845252789	-1.399054708012967	2.0640996966004703	6.12648556513164	Merc	1	0	1	-999.0	-999.0	0	4.434750280121147	9.15376670769691	6.54282256102602	-2.03922529	-9.04345491	0.9993279
0_CHCyg	350739215	75	SPOC	20	3.7260499	2173.20166015625	0.0505438034096312	0.0	9.420759600601396	-1.5527347508420135	2.168744826323544	6.320552692488652	Merc	1	0	1	-999.0	-999.0	0	3.1002069081127432	6.723557692502022	4.330139251959156	-2.04992212	-6.35518271	0.99816024
0_CHCyg	350739215	82	SPOC	120	3.7260499	320.3097229003906	0.1179769503657002	9.376073033170811e-163	7.015924525153235	-1.3262943498271884	1.5536160277293556	4.738070692431083	Merc	1	1	1	-999.0	-999.0	0	2.277853832722152	3.538910223341878	2.6682690941139766	-1.34375358	-3.06087423	0.99762899
0_CHCyg	350739215	74	SPOC	120	3.7260499	510.3288879394531	0.0880022023878359	0.0	9.276749916819409	-1.3066177919655684	2.537201023114682	5.0803087689289255	Merc	1	0	1	-999.0	-999.0	0	4.196441147890481	10.64721477386828	8.148683447706224	-2.49704965	-10.47872188	0.99858075
0_CHCyg	350739215	75	SPOC	120	3.7260499	712.6323852539062	0.1317815239492579	0.0	8.625596707090489	-1.2316007214483338	1.8298698689621185	5.297185480746602	Merc	1	1	1	-999.0	-999.0	0	3.3284112263438868	6.090559414601931	4.945238589532146	-1.75227454	-5.83229026	0.99816018
0_CHCyg	350739215	80	SPOC	120	3.7260499	384.1281127929688	0.1947342596196012	0.0	8.472042906667657	-1.202801261505556	1.844141068928263	4.6209155294073145	Merc	1	1	1	-999.0	-999.0	0	3.851127377260342	7.102022158079784	5.90456826524286	-1.80087916	-6.93541504	0.99932784
0_CHCyg	350739215	81	SPOC	120	3.7260499	677.630126953125	0.1239496338339491	0.0	9.441541966454526	-1.0753307782220969	1.7972880172136447	5.127568577660336	Merc	1	1	1	-999.0	-999.0	0	4.313973388794191	7.753452678258339	7.210295506539435	-1.77242032	-7.64617411	0.99880886
0_CHCyg	350739215	15	TESS-SPOC	1800	3.7260499	3296.208251953125	0.077047534507278	4.6339754156093075e-145	10.119410464780511	-1.2717552443932838	2.373350214562292	6.3579115980505785	Merc	1	0	1	-999.0	-999.0	0	3.7614988667299354	8.927354142429307	7.019710893103711	-2.31170103	-8.69546082	0.99803299
0_CHCyg	350739215	14	TESS-SPOC	1800	3.7260499	3161.5078125	0.1418348392636436	1.6958670267938366e-124	8.907878762301028	-1.2371813305494823	1.776625931901355	5.82403963593779	Merc	1	0	1	-999.0	-999.0	0	3.083839126363237	5.478828561708948	4.428476591443211	-1.67748838	-5.1731043	0.99831915
0_CHCyg	350739215	40	TESS-SPOC	600	3.7260499	2635.257080078125	0.2625240240681874	1.9863000388931734e-154	8.569878401757173	-1.4496464116064918	1.374187049996532	2.3545880826837604	Merc	1	0	1	-999.0	-999.0	0	6.215290319073413	8.540971468439498	5.891761880729543	-1.37204371	-8.52764997	0.99842346
0_CHCyg	350739215	56	TESS-SPOC	200	3.7260499	1907.2479248046875	0.0699508687526185	0.0	10.07786964141232	-1.3207338498480563	1.83871156663832	5.106086232718414	Merc	1	0	1	-999.0	-999.0	0	4.971783408693907	9.141675660385978	6.921663786718028	-1.82673773	-9.08214436	0.99644685
0_CHCyg	350739215	54	TESS-SPOC	600	3.7260499	1386.7322998046875	0.106807155303498	9.684803005099411e-175	8.416124663771312	-1.2349297290133807	1.5014291964231232	4.189302597965297	Merc	1	1	1	-999.0	-999.0	0	4.226822065806014	6.346274057686649	5.13897585310936	-1.47847939	-6.24926931	0.99854976
0_CHCyg	350739215	55	TESS-SPOC	600	3.7260499	1867.4708251953125	0.2099248762305565	4.609551904781148e-155	8.108712156812588	-1.5916125497777465	1.4121034787498146	4.601396056175066	Merc	1	0	1	-999.0	-999.0	0	3.507316100637522	4.952693266785481	3.1117455485489085	-1.36317286	-4.78107813	0.99807262
0_V407_Cyg	357457104	16	SPOC	120	9.52099991	2237.405029296875	0.0813961219898987	0.0	8.75994681243393	-2.039837527461971	1.7545524373639676	6.048097503454858	Merc	1	1	1	-999.0	-999.0	0	2.711849308979072	4.758081814833021	2.3325788209971674	-1.6065934	-4.35683919	0.92876601
0_V407_Cyg	357457104	15	SPOC	120	9.52099991	1558.9801025390625	0.2783689769293782	0.0	8.160012533098435	-1.4962738267971722	1.9533772122720028	6.100119374134359	Merc	1	0	1	-999.0	-999.0	0	2.0598931589640754	4.023748356435415	2.689179135779173	-1.6211827	-3.33946315	0.91983658
0_V407_Cyg	357457104	55	SPOC	20	9.52099991	5397.76123046875	0.0588999591249844	0.0	10.28747633201323	-1.4184408978938745	2.0333451503536457	7.214709130434467	Merc	1	0	1	-999.0	-999.0	0	3.0727672015787624	6.24799628749592	4.404833713391269	-1.91846914	-5.89500904	0.90806049
0_V407_Cyg	357457104	56	SPOC	120	9.52099991	446.1580505371094	0.1183634366994898	0.0	7.395465708607767	-1.362485072452541	2.1560128239368086	5.047817781273691	Merc	1	0	1	-999.0	-999.0	0	2.347647927334076	5.061559037420936	3.714946416484312	-1.88575729	-4.42709419	0.91103816
0_V407_Cyg	357457104	55	SPOC	120	9.52099991	4832.08837890625	0.0736299683994662	0.0	9.59526755474887	-1.536790688827601	2.5492794815189512	6.910466022517461	Merc	1	0	1	-999.0	-999.0	0	2.6848015322314094	6.844309458068173	4.45363803140271	-2.32781106	-6.24971069	0.90806049
0_V407_Cyg	357457104	83	SPOC	120	9.52099991	580.5247192382812	0.1163765603264163	0.0	7.884138958055549	-1.5431152895493865	1.5540838527807526	5.020800653005996	Merc	1	0	1	-999.0	-999.0	0	2.8633383050495524	4.449867824926118	2.8836910988196798	-1.4432263	-4.13244515	0.91220397
0_V407_Cyg	357457104	76	SPOC	120	9.52099991	2830.98876953125	0.0720142524586244	0.0	10.46119446373329	-1.1277588073615747	1.7456953238719286	5.920314024066747	Merc	1	0	1	-999.0	-999.0	0	4.540880439666544	7.926993749787393	7.028979687893398	-1.72706466	-7.84239414	0.92161435
0_V407_Cyg	357457104	75	SPOC	120	9.52099991	20436.33203125	0.1444213255291757	0.0	11.352494491418046	-1.437446157335058	2.3080369782423844	8.303665903378135	Merc	1	0	1	-999.0	-999.0	0	3.0488285880399104	7.036809121518631	4.895354922068503	-2.17410708	-6.62847981	0.91649741
0_V407_Cyg	357457104	82	SPOC	120	9.52099991	8025.2080078125	0.1295787611741905	0.0	11.155403104713088	-1.453780758121236	1.8871849556718705	5.6485216609118805	Merc	1	0	1	-999.0	-999.0	0	5.506881443801207	10.392503813410228	7.148604598977338	-1.88053777	-10.35589857	0.90545404
0_V407_Cyg	357457104	16	TESS-SPOC	1800	9.52099991	2291.109130859375	0.0841741738014051	1.0140182344335295e-34	10.156398943957472	-1.2972056888954488	2.4125487122846616	7.108437425964814	Merc	1	0	1	-999.0	-999.0	0	3.04796151799266	7.353355635326393	5.668611923516667	-2.27241861	-6.92624446	0.91244847
0_V407_Cyg	357457104	15	TESS-SPOC	1800	9.52099991	616.9317016601562	0.209950846940831	1.3384009690978288e-106	7.422192123846358	-1.244864204142881	2.1615356247074358	5.089094679254958	Merc	1	0	1	-999.0	-999.0	0	2.3330974445914	5.043073242398192	4.051103104752272	-1.88632173	-4.40097241	0.90509045
0_V407_Cyg	357457104	56	TESS-SPOC	200	9.52099991	504.4512634277344	0.206246171053361	0.0	8.768267618058779	-1.3319777866033828	2.637350705566188	4.8694978684307415	Merc	1	0	1	-999.0	-999.0	0	3.8987697496280376	10.282423150021616	7.719665638150292	-2.57874589	-10.05393645	0.89609516
0_V407_Cyg	357457104	55	TESS-SPOC	600	9.52099991	1504.5797119140625	0.1104844982786276	5.676159106281794e-135	8.508274643169468	-1.802837023407216	2.0913319405432995	4.7978416086872935	Merc	1	0	1	-999.0	-999.0	0	3.710433034482175	7.759747118259569	4.304186688819089	-2.03376471	-7.54614777	0.89189076
0_CN_Cha	394916057	64	TESS-SPOC	200	7.02040005	1636.36669921875	0.1764971025474759	0.0	9.031705570478914	-1.6319862374453258	2.149450847661645	5.626458133787275	Merc	1	0	1	-999.0	-999.0	0	3.4052474366916394	7.319411989294489	4.484971638457031	-2.06586722	-7.03478904	0.99337041
0_CN_Cha	394916057	66	TESS-SPOC	200	7.02040005	1464.2239990234375	0.2055632887546613	6.866334296119807e-213	8.650245045972085	-1.8272451432417705	2.131597052904642	5.382067460171112	Merc	1	0	1	-999.0	-999.0	0	3.2681775858009727	6.966437710262364	3.812535901944168	-2.03486692	-6.65030647	0.99098176
0_694_Mon	403675153	87	SPOC	120	8.64610004	2299.262939453125	0.1746072899644212	0.0	9.130830106473043	-2.064316130060914	2.9718248083569536	5.501142622063871	Merc	1	0	1	-4.6839	-5.2365215	1	3.629687484409172	10.78679531274992	5.225360183777483	-2.88217324	-10.46138813	0.9848938
0_ZZCMi	453173127	87	SPOC	120	6.38019991	1686.8150634765625	0.0874651523358452	0.0	9.393574760754875	-1.5789652177198892	2.1051096039512305	5.466293190630615	Merc	1	0	1	-999.0	-999.0	0	3.927281570124261	8.26735815068925	5.235934305524323	-2.05982591	-8.08951634	0.9988758
0_TCrB	462607643	24	SPOC	120	7.72919989	3077.45263671875	0.0925049134974865	0.0	10.479249554172092	-0.9962800463284572	1.517513145008338	5.560313177955256	Merc	1	1	1	-7.5208001	-3.841348	1	4.918936376216837	7.46455061036873	7.492422073369309	-1.50701321	-7.4129021	0.99988925
0_TCrB	462607643	25	SPOC	120	7.72919989	3195.6240234375	0.2259414452297861	0.0	10.293924149671414	-1.076103108595364	1.4478217932780313	5.354845692380103	Merc	1	1	1	-7.5208001	-3.841348	1	4.939078457291311	7.150905429176398	6.645186109080631	-1.43803292	-7.10255741	0.99992377
0_TCrB	462607643	51	SPOC	20	7.72919989	2885.18505859375	0.5348158520367027	0.0	10.514969847278596	-1.6398064288556051	1.534323680314377	5.994455752214925	Merc	1	0	1	-7.5208001	-3.841348	1	4.520514095063669	6.935931823251105	4.229725961064552	-1.51756249	-6.86016265	0.99989617
0_TCrB	462607643	51	SPOC	120	7.72919989	3709.62255859375	0.2588573328081541	0.0	9.89187900432596	-1.3826072927407511	1.4414286672512024	6.763049075522501e-12	Merc	1	0	1	-7.5208001	-3.841348	1	9.891879004319197	14.258437969805971	10.312717171874146	-1.44139602	-14.258115	0.99989617
0_TCrB	462607643	78	SPOC	20	7.72919989	1889.0400390625	0.2326634094730286	0.0	9.785935032029158	-1.5888260918999244	1.3259579880135102	5.337486874291839	Merc	1	0	1	-7.5208001	-3.841348	1	4.448448157737319	5.898455369015782	3.712461293962252	-1.31022743	-5.8284788	0.9999401
0_TCrB	462607643	78	SPOC	120	7.72919989	2327.254638671875	0.5266001106536957	5.004284961786291e-114	8.388603242709516	-2.170175072991953	1.3338189790054764	3.882470243248611e-09	Merc	1	0	1	-7.5208001	-3.841348	1	8.388603238827047	11.188878207294325	5.155749112843954	-1.33364845	-11.18744771	0.9999401
0_TCrB	462607643	24	TESS-SPOC	1800	7.72919989	5581.68408203125	0.0851052344137057	4.202789082832497e-88	9.346720430099436	-1.3276924736185176	2.243478091169667	6.375621463694236	Merc	1	0	1	-7.5208001	-3.841348	1	2.971098966405199	6.665595437826907	5.020436260861199	-2.10150481	-6.24377877	0.99961674
0_TCrB	462607643	25	TESS-SPOC	1800	7.72919989	6060.8623046875	0.1212735945038538	5.8668445454234075e-77	9.43542333971851	-1.2440375762025633	2.0789101595587094	6.216327863739021	Merc	1	0	1	-7.5208001	-3.841348	1	3.219095475979488	6.692210289603237	5.379427774224693	-1.97922115	-6.37130185	0.99966824
0_TCrB	462607643	51	TESS-SPOC	600	7.72919989	4193.822265625	0.8442265387611692	7.006536379763834e-80	8.955207961023179	-1.4493014319764017	1.3646441195292995	5.265467868018176	Merc	1	0	1	-7.5208001	-3.841348	1	3.6897400930050033	5.035182120510768	3.4742131687845834	-1.32618741	-4.89328686	0.99960637
0_V648_Car	463038319	36	SPOC	120	6.92519999	3683.45751953125	0.0572915738500796	0.0	9.273283615266635	-1.9590180146134173	1.626023818320648	3.969412772091588e-11	Merc	1	0	1	-999.0	-999.0	0	9.27328361522694	15.078580032401614	7.697009379149147	-1.62594874	-15.07788383	0.98328108
0_V648_Car	463038319	37	SPOC	120	6.92519999	4172.00537109375	0.3001015578395531	1.545281595908501e-216	9.08056464549167	-2.1322804185131035	1.580928582684258	9.82648661971722e-17	Merc	1	0	1	-999.0	-999.0	0	9.08056464549167	14.355724194969929	6.732568601357115	-1.58083746	-14.35489671	0.98377037
0_V648_Car	463038319	36	TESS-SPOC	600	6.92519999	4166.0517578125	0.057549985265915	1.561534616533164e-85	8.527761901024746	-1.9509184407610356	1.563029536842497	8.178270636931012e-10	Merc	1	0	1	-999.0	-999.0	0	8.527761900206919	13.329143733183512	6.8322403718650255	-1.56285928	-13.32769186	0.98066157
0_V648_Car	463038319	37	TESS-SPOC	600	6.92519999	4544.20263671875	0.0594719309002829	3.473128840723e-312	8.780245629994925	-1.6114943237730122	1.3048608902535777	2.971296510273104e-14	Merc	1	0	1	-999.0	-999.0	0	8.780245629994894	11.456999129400222	7.109549788903881	-1.30475461	-11.45606596	0.98119891
0_V648_Car	463038319	63	TESS-SPOC	200	6.92519999	3345.71826171875	0.0527789944820332	0.0	9.808270296996204	-1.300795899404757	1.5198814478896128	5.980034100483636	Merc	1	0	1	-999.0	-999.0	0	3.828236196512568	5.8184651732189465	4.473003932347473	-1.48328582	-5.67836847	0.97955287
0_V648_Car	463038319	64	TESS-SPOC	200	6.92519999	3852.965576171875	0.1114757176209025	0.0	9.524211325556305	-1.4766276547921056	1.4334350599411587	1.248913551337943e-10	Merc	1	0	1	-999.0	-999.0	0	9.524211325431413	13.652338432162038	9.24562017232716	-1.43338548	-13.65186623	0.98009497
1_Z_And	26011110	57	TESS-SPOC	200	8.11200047	1058.3240966796875	0.0486840978658078	0.0	9.386829670985678	-1.495555557005183	2.6807032114750142	5.125780503041685	Merc	1	0	1	-999.0	-999.0	0	4.261049167943993	11.422608188760398	7.637702347637234	-2.64129937	-11.25470647	0.99421358
1_V417_CMa	63477133	87	SPOC	120	8.01249981	817.8607177734375	0.0873866466449071	0.0	8.272458063497446	-1.751049367479344	1.76926629301523	4.976735327182791	Merc	1	0	1	-999.0	-999.0	0	3.295722736314655	5.831011148485439	3.330009568421962	-1.69142823	-5.57447848	0.99158657
1_V417_CMa	63477133	88	SPOC	120	8.01249981	948.5678100585938	0.0810217157337701	0.0	8.902850476007467	-1.4564411744962105	1.775667634953475	5.01566855841762	Merc	1	0	1	-999.0	-999.0	0	3.887181917589848	6.902343122240679	4.739184282281933	-1.73568646	-6.74692904	0.99687403
1_NQGem	94748223	71	SPOC	20	6.22539997	455.5965270996094	0.2832503730249103	0.0	9.354216850305468	-1.2958662093338094	1.6511250276745673	4.983633034978586	Merc	1	0	1	-8.9646	-4.168451	1	4.370583815326882	7.216380323035614	5.568769577490161	-1.62971173	-7.12279173	0.9979443
1_NQGem	94748223	72	SPOC	20	6.22539997	495.649169921875	0.2194873700427187	0.0	9.658499210959755	-1.2729292971419877	1.7284773269327052	5.093586061113338	Merc	1	0	1	-8.9646	-4.168451	1	4.56491314984642	7.890348878926495	6.198575911986707	-1.7105312	-7.80842636	0.99814534
1_NQGem	94748223	71	SPOC	120	6.22539997	484.8861999511719	0.0990248200803558	0.0	8.289242708175623	-1.4480770433164185	1.750140119732683	4.697481881470913	Merc	1	0	1	-8.9646	-4.168451	1	3.59176082670471	6.286084723300141	4.3409877618828965	-1.69502459	-6.08812292	0.9979443
1_NQGem	94748223	72	SPOC	120	6.22539997	455.8984680175781	0.098254205108011	0.0	8.34887985992229	-1.2945515071422646	1.5397820681493817	4.458003551034779	Merc	1	0	1	-8.9646	-4.168451	1	3.890876308887511	5.991101569812243	4.627936035575487	-1.50525761	-5.85677117	0.99814534
1_NQGem	94748223	71	TESS-SPOC	200	6.22539997	469.9278869628906	0.0589877550167446	0.0	9.298863673295024	-1.343164721479999	2.091992513476297	5.02347439549024	Merc	1	0	1	-8.9646	-4.168451	1	4.275389277804784	8.94408236136444	6.6589616435943775	-2.06174201	-8.81474969	0.99771446
1_NQGem	94748223	72	TESS-SPOC	200	6.22539997	1401.5823974609375	0.059793898020014	0.0	9.302646370113315	-1.3513928361863954	1.945770608574543	5.650935678855624	Merc	1	0	1	-8.9646	-4.168451	1	3.651710691257692	7.105391334066644	5.257828178309663	-1.88851985	-6.89632813	0.9979229
1_RX_Pup	182401518	35	SPOC	120	10.90139961	2673.260986328125	0.1853775321391191	0.0	9.796114099797965	-1.5465635820344965	2.727828591912421	6.493998547773416	Merc	1	0	1	-999.0	-999.0	0	3.3021155520245475	9.007605216611228	5.824270868166811	-2.6086794	-8.61416081	0.93977612
1_RX_Pup	182401518	88	SPOC	120	10.90139961	1867.3427734375	0.2556605649674364	0.0	9.14657672641926	-1.7528405383296788	2.398383667159172	5.9667773986093975	Merc	1	0	1	-999.0	-999.0	0	3.179799327809863	7.626378772662888	4.350868550729798	-2.27818918	-7.24418442	0.9426353
1_RX_Pup	182401518	89	SPOC	120	10.90139961	2064.788330078125	0.2204462489261303	0.0	9.08281552226331	-1.921661356711303	2.746147113943614	5.984747560174354	Merc	1	0	1	-999.0	-999.0	0	3.0980679620889564	8.507750392891761	4.42728910751048	-2.59532879	-8.04050498	0.93497419
1_RX_Pup	182401518	35	TESS-SPOC	600	10.90139961	3176.462158203125	0.3955399604057201	3.568627756068397e-140	9.248678037230729	-1.5073914406762547	2.467216042515198	5.840178441009132	Merc	1	0	1	-999.0	-999.0	0	3.4084995962215947	8.409504884704493	5.578846116395468	-2.37162724	-8.0836905	0.90879512
1_Hen_3-461	303495210	37	SPOC	20	8.19069958	1642.8477783203125	0.3728256049299975	0.0	11.008301468266108	-1.0963387752674467	1.6134940199858232	6.084063454958852	Merc	1	0	1	-9.2593004	-1.9629706	1	4.9242380133072565	7.945228587458128	7.247056080379832	-1.60239768	-7.89058756	0.98095632
1_Hen_3-461	303495210	36	SPOC	120	8.19069958	907.2930297851562	0.1858554097070131	2.350404419541519e-252	7.889234377986432	-2.073054534644843	1.704270602677306	5.014361863582416	Merc	1	0	1	-9.2593004	-1.9629706	1	2.874872514404016	4.899560712743755	2.363449986897306	-1.58424492	-4.55450218	0.97281796
1_Hen_3-461	303495210	37	SPOC	120	8.19069958	1940.3157958984373	0.1184681669756657	0.0	9.52939220177734	-1.3222126539291077	1.4862832120239364	4.949558270379331	Merc	1	0	1	-9.2593004	-1.9629706	1	4.579833931398008	6.8069302860944445	5.148135790310934	-1.47111317	-6.737454	0.98095596
1_Hen_3-461	303495210	63	SPOC	20	8.19069958	858.2372436523438	0.3542898906362491	0.0	10.34320057452242	-1.5731797317107112	2.1341446565473534	5.848336653260725	Merc	1	0	1	-9.2593004	-1.9629706	1	4.494863921261695	9.59268981946813	6.097643915763409	-2.11013615	-9.48477484	0.97560525
1_Hen_3-461	303495210	63	SPOC	120	8.19069958	527.3992309570312	0.0697303075925225	0.0	8.180577974633671	-1.495745800053106	1.9187293970044763	5.029944398794419	Merc	1	0	1	-9.2593004	-1.9629706	1	3.150633575839252	6.045213261152105	4.041604703778859	-1.81937632	-5.73218811	0.97560525
1_Hen_3-461	303495210	36	TESS-SPOC	600	8.19069958	3792.67578125	0.0586380388731499	1.1991279676740534e-176	8.898665845807976	-1.5208896067046112	2.0974894028404045	6.798987931449601	Merc	1	0	1	-9.2593004	-1.9629706	1	2.0996779143583746	4.404052174744733	2.8957079825716066	-1.75533586	-3.68563994	0.96764147
1_Hen_3-461	303495210	37	TESS-SPOC	600	8.19069958	2649.39599609375	0.0555226707260124	0.0	9.712131612364583	-1.3683831339762962	2.0762411771278924	6.042469304224181	Merc	1	0	1	-9.2593004	-1.9629706	1	3.6696623081404023	7.619103990315288	5.567961049165687	-2.0163829	-7.39944431	0.97710329
1_Hen_3-461	303495210	63	TESS-SPOC	200	8.19069958	849.1473388671875	0.1677472219524519	0.0	9.109349173484574	-1.636701235936495	2.4518920124009496	5.388430691163989	Merc	1	0	1	-9.2593004	-1.9629706	1	3.7209184823205854	9.123290305596909	5.574194058927745	-2.38519849	-8.87512913	0.97017777
1_AR_Pav	304202168	66	TESS-SPOC	200	9.81649971	6936.5869140625	0.145249047286568	0.0	11.529782024871556	-1.2871120255706097	2.5238418027525067	6.097986513734204	Merc	1	1	1	-999.0	-999.0	0	5.43179551113735	13.708992575011864	10.650970780056474	-2.51415102	-13.65635421	0.95585972
1_BICru	311758230	37	SPOC	120	9.53369999	3845.961669921875	0.0815712143339129	0.0	11.427659006683156	-1.2356684767938024	2.0936374562313667	6.103836527616771	Merc	1	0	1	-999.0	-999.0	0	5.323822479066386	11.146154152499918	9.020343532126772	-2.08453677	-11.0977037	0.87609148
1_BICru	311758230	38	SPOC	120	9.53369999	5273.7646484375	0.097394525138384	0.0	10.601752233962006	-1.387425930499992	1.8062670613524936	5.998343793916626	Merc	1	1	1	-999.0	-999.0	0	4.6034084400453805	8.314985035206035	5.993101939654201	-1.78832222	-8.2323776	0.90304846
1_BICru	311758230	37	TESS-SPOC	600	9.53369999	10775.232421875	0.3496087573773819	6.840387462130778e-160	10.22126070424173	-1.43592350216354	2.312223990856593	4.753165432152771	Merc	1	0	1	-999.0	-999.0	0	5.468095272088959	12.643461072413604	8.805107690878659	-2.30370847	-12.59689741	0.83227843
1_BICru	311758230	38	TESS-SPOC	600	9.53369999	10284.171875	0.2061448551742289	1.0698948064323955e-254	10.023226921867977	-1.704188507305235	2.0846971768121554	6.040813371856882	Merc	1	0	1	-999.0	-999.0	0	3.982413550011093	8.302126284606599	4.871600910942897	-2.0425824	-8.13440783	0.86674744
1_BICru	311758230	64	TESS-SPOC	200	9.53369999	8184.291015625	0.0817468025005716	0.0	11.418831885350423	-1.4599261042210674	2.6691709565363566	6.82060944766039	Merc	1	0	1	-999.0	-999.0	0	4.598222437690033	12.273441782376045	8.406892476879468	-2.64249536	-12.15078147	0.84981376
1_BICru	311758230	65	TESS-SPOC	200	9.53369999	11706.2216796875	0.0502834667914373	0.0	11.359099340435243	-1.4243108241194522	2.380846820320012	7.180161428755894	Merc	1	0	1	-999.0	-999.0	0	4.178937911679349	9.94941103933653	6.985421209227646	-2.34240905	-9.788782	0.88149291
1_NSV_20400	442569144	65	TESS-SPOC	200	10.68879986	6003.6455078125	0.0542561635499793	0.0	10.658118291115208	-1.2664163640863426	1.9270478433645528	6.992564759270464	Merc	1	0	1	-999.0	-999.0	0	3.665553531844744	7.063697028278734	5.577705112311025	-1.87123126	-6.85909837	0.93123603
1_420_Hya	443619246	37	SPOC	120	7.36730003	993.1171875	0.3380026985540504	0.0	8.44764804279335	-1.7815274494907023	1.817926804511294	4.852554841649155	Merc	1	0	1	-7.8927	-3.9001495	1	3.595093201144195	6.535616295076345	3.6685465031396105	-1.76089226	-6.33057179	0.99988353
1_420_Hya	443619246	37	TESS-SPOC	600	7.36730003	1245.890869140625	0.3345452705243504	2.2724863644247202e-133	8.063646919529331	-1.592724764659493	1.831692981879921	4.466752835288883	Merc	1	0	1	-7.8927	-3.9001495	1	3.596894084240448	6.588405650668634	4.136562573055215	-1.77434368	-6.38212627	0.99948508
1_420_Hya	443619246	64	TESS-SPOC	200	7.36730003	1553.520263671875	0.2498548271260379	2.5367729866350466e-215	8.644421757409596	-1.8070995503345373	1.8345186790312211	5.127951488811868	Merc	1	0	1	-7.8927	-3.9001495	1	3.516470268597728	6.451030392000468	3.569825686031645	-1.77160581	-6.22979916	0.99951273
1_KXTrA	447290900	66	TESS-SPOC	200	9.74030018	6612.8388671875	0.7757778191407946	2.158559406329993e-217	9.839589120525211	-1.712991768803578	1.709452603222461	5.544022185131385	Merc	1	0	1	-999.0	-999.0	0	4.295566935393826	7.343068080025306	4.286691981686519	-1.68529725	-7.23930716	0.85926908
1_AX_Per	453231036	58	TESS-SPOC	200	8.74050045	2905.7099609375	0.0613384673031181	0.0	9.881549251816702	-1.3587475606142116	2.2275278276024206	6.568323510363779	Merc	1	0	1	-999.0	-999.0	0	3.313225741452923	7.380302538215049	5.431695152320154	-2.13144068	-7.06194411	0.97977746
2_UV_Aur	2688613	45	SPOC	120	6.38730001	4322.58447265625	0.1484435974616758	0.0	11.30371681765127	-1.41987007105375	1.996023717060713	5.725405318096503	Merc	1	0	1	-999.0	-999.0	0	5.578311499554768	11.134442054263827	7.841873901884877	-1.98954731	-11.09831463	0.97131282
2_UV_Aur	2688613	43	SPOC	120	6.38730001	560.151123046875	0.2322495828640404	0.0	8.311965456437997	-1.7506985210382346	1.939056096560428	4.6116287015722826	Merc	1	0	1	-999.0	-999.0	0	3.700336754865715	7.175160543848994	4.098455820705118	-1.88506527	-6.97537629	0.97171223
2_UV_Aur	2688613	44	SPOC	120	6.38730001	650.6346435546875	0.0948491955217626	0.0	8.765594281781087	-1.5101462644917083	1.9247725764211905	4.491632543780474	Merc	1	0	1	-999.0	-999.0	0	4.273961738000613	8.22640434597703	5.447422239425205	-1.89689465	-8.10725516	0.96992743
2_UV_Aur	2688613	45	TESS-SPOC	600	6.38730001	5992.9423828125	0.3035534792830812	9.701531602532588e-213	9.975627312039894	-1.5754664129060474	2.092289773888208	5.7696949842959615	Merc	1	0	1	-999.0	-999.0	0	4.205932327743932	8.800029199004454	5.585666014150212	-2.05953614	-8.66226964	0.97049659
2_UV_Aur	2688613	44	TESS-SPOC	600	6.38730001	855.2886962890625	0.3094326499484219	1.9667007696465968e-176	8.473706413780391	-1.5195493063771135	2.1156493640446565	4.36928639392564	Merc	1	0	1	-999.0	-999.0	0	4.104420019854752	8.683513604777863	5.714532307925541	-2.07846052	-8.53087495	0.96889472
2_UV_Aur	2688613	43	TESS-SPOC	600	6.38730001	856.0662841796875	0.2283867328258131	7.512181478337338e-152	8.087506762543686	-1.7514736814886525	2.0702292885571763	4.271224315173768	Merc	1	0	1	-999.0	-999.0	0	3.816282447369918	7.9005796959518655	4.510818392222043	-2.0197002	-7.70774643	0.97087139
2_UV_Aur	2688613	59	TESS-SPOC	200	6.38730001	3312.267578125	0.0631748775054754	0.0	9.975605096037077	-1.4911596665813145	1.9436116326984223	5.217046599233987	Merc	1	0	1	-999.0	-999.0	0	4.75855849680309	9.248789649262404	6.202414038240792	-1.92744771	-9.17187267	0.96991861
2_UV_Aur	2688613	71	TESS-SPOC	200	6.38730001	1324.0430908203125	0.0787057277448749	0.0	11.072488735302215	-1.4036602399201294	2.1485028052578885	6.558155848540713	Merc	1	0	1	-999.0	-999.0	0	4.514332886761504	9.699056871075031	6.909832305021994	-2.12486554	-9.59235038	0.97036439
2_PN_MaC_1-17	7064267	80	SPOC	20	16.67760086	891164.0	0.3421621295954715	0.0	14.56827562106598	-1.4399713932285063	2.5280041423578186	11.654528687659807	Merc	1	0	1	-999.0	-999.0	0	2.913746933406172	7.365964317433193	5.115354618898531	-2.35748623	-6.86911828	0.01332062
2_PN_MaC_1-17	7064267	80	SPOC	120	16.67760086	375006.71875	0.1285560993402563	2.1940828788566627e-267	12.991378717915415	-1.3693551681232348	2.240681668633703	10.90987197807944	Merc	1	0	1	-999.0	-999.0	0	2.0815067398359783	4.663993995087979	3.405978305453216	-1.86814268	-3.88855159	0.01332062
2_Hen_3-1213	26292371	66	TESS-SPOC	200	9.82540035	1074.4361572265625	0.394180116689159	3.4025931284176906e-199	8.355864254417607	-1.572223001854003	2.3999628094970173	5.750867836718641	Merc	1	0	1	-999.0	-999.0	0	2.604996417698966	6.251894521350476	3.976468041733323	-2.17239868	-5.65909078	0.88281602
2_AE_Ara	30667659	66	TESS-SPOC	200	9.9289999	4466.8310546875	0.1396903289626042	0.0	9.68350986120525	-1.6066723177596804	2.2207896753738527	6.885580377030364	Merc	1	0	1	-999.0	-999.0	0	2.797929484174886	6.213612910879676	3.8673803252824097	-2.05047721	-5.73709064	0.92412013
2_IV_Vir	46022938	64	SPOC	120	9.34029961	788.5807495117188	0.1392818978163221	0.0	8.093949193342233	-1.212084046730244	1.3630007970050728	5.451876016971773	Merc	1	1	1	-5.1697004	-4.1463946	1	2.6420731763704604	3.601147845138662	2.9710380685673003	-1.23890408	-3.27327523	0.99643338
2_IV_Vir	46022938	64	TESS-SPOC	200	9.34029961	742.1261596679688	0.0825795725801975	0.0	7.993524918800966	-1.6044741977025634	1.811002572311436	5.362102763797494	Merc	1	0	1	-5.1697004	-4.1463946	1	2.631422155003472	4.76551229154859	2.970139562463701	-1.64418061	-4.3265333	0.99495453
2_RW_Hya	58761688	37	SPOC	120	7.2256999	411.8840637207031	0.1090648209489093	0.0	7.606410797550018	-1.3520747910957445	1.6619130252760816	4.93604252134271	Merc	1	0	1	-5.2243001	-6.2164955	1	2.6703682762073084	4.437919820512963	3.2823035010632786	-1.51522696	-4.04621401	0.99930894
2_RW_Hya	58761688	37	TESS-SPOC	600	7.2256999	222.79730224609372	0.1711812508255583	0.0	6.612417147779087	-1.4058907783917438	2.76476153229606	4.368056878300681	Merc	1	0	1	-5.2243001	-6.2164955	1	2.244360269478406	6.205120937667516	4.413657897924196	-2.37771878	-5.33645755	0.99810123
2_RW_Hya	58761688	64	TESS-SPOC	200	7.2256999	675.5452880859375	0.1148072849440326	0.0	8.695271323682089	-1.333082261729332	2.021479648208447	5.128952735460591	Merc	1	0	1	-5.2243001	-6.2164955	1	3.566318588221498	7.20924044511724	5.407948670598244	-1.95595795	-6.97556919	0.99811614
2_CI_Cyg	83299618	81	SPOC	20	7.94080019	888.1580200195312	0.2178355418836035	0.0	9.707021022756557	-1.2909750529257913	2.068657909300232	5.679278836973969	Merc	1	0	1	-999.0	-999.0	0	4.027742185782588	8.332020729241354	6.454052470152806	-2.02897155	-8.17217432	0.97930032
2_CI_Cyg	83299618	75	SPOC	20	7.94080019	2245.10302734375	0.0920613588487406	0.0	9.36551662744818	-1.408974513406466	1.983501546184661	6.303350772940152	Merc	1	0	1	-999.0	-999.0	0	3.062165854508028	6.073810707090548	4.310802395144783	-1.87010588	-5.72657438	0.98112577
2_CI_Cyg	83299618	74	SPOC	20	7.94080019	907.5853881835938	0.1273130459934204	0.0	10.080979150625682	-1.5170998801401536	2.094942010876224	5.715104617876345	Merc	1	0	1	-999.0	-999.0	0	4.365874532749337	9.146253972871191	6.028775094245105	-2.06762616	-9.02699639	0.98367816
2_CI_Cyg	83299618	82	SPOC	20	7.94080019	825.63720703125	0.2920231014478973	0.0	9.781258312370197	-1.4613157913486217	2.1715893941689157	5.611102364691932	Merc	1	0	1	-999.0	-999.0	0	4.170155947678265	9.055866428008542	6.197063277918216	-2.13617666	-8.9081898	0.98452854
2_CI_Cyg	83299618	82	SPOC	120	7.94080019	400.84381103515625	0.0812307867993634	0.0	7.573321197044591	-1.3860522084511793	2.309611147727551	4.949582194080636	Merc	1	0	1	-999.0	-999.0	0	2.623739002963955	6.05981684997312	4.371997543111713	-2.09506126	-5.49689394	0.98452812
2_CI_Cyg	83299618	81	SPOC	120	7.94080019	737.3494873046875	0.1239495326667018	0.0	9.195172179156849	-1.3561066014724954	1.9365838266732085	5.003643955871678	Merc	1	0	1	-999.0	-999.0	0	4.191528223285169	8.117245766258348	5.985698880489509	-1.90576482	-7.98806702	0.97930008
2_CI_Cyg	83299618	75	SPOC	120	7.94080019	483.97161865234375	0.0812346841072186	0.0	8.641980951660376	-1.2953113812837185	2.1529151049495323	4.971301641787153	Merc	1	0	1	-999.0	-999.0	0	3.670679309873223	7.902660931651787	6.100973901595657	-2.09091788	-7.67508898	0.98112559
2_CI_Cyg	83299618	74	SPOC	120	7.94080019	531.6473999023438	0.0880026468583592	0.0	8.622294066518359	-1.3960141419194705	2.057715170867509	5.052138359698429	Merc	1	0	1	-999.0	-999.0	0	3.5701557068199303	7.346363560282585	5.262384770817288	-1.99130815	-7.10928015	0.98367816
2_DD_Mic	126658353	1	SPOC	120	9.92549992	1044.8355712890625	0.0755786865668989	0.0	8.444502633050668	-1.2794371266593114	1.9685316548141405	5.789964252079898	Merc	1	0	1	-4.1945001	-4.3559825	1	2.65453838097077	5.225542831860039	4.08425136568004	-1.791737	-4.75623463	0.9787007
2_DD_Mic	126658353	27	SPOC	120	9.92549992	1058.3583984375	0.3837814106836392	3.0973623260828777e-61	7.481647040598357	-1.7342990799302869	2.1104164855547007	5.77338385883634	Merc	1	0	1	-4.1945001	-4.3559825	1	1.7082631817620175	3.605146780456688	2.0787341826887222	-1.59672991	-2.72763491	0.97605687
2_DD_Mic	126658353	1	TESS-SPOC	1800	9.92549992	460.2160949707031	0.214740707929596	1.596990645378284e-42	7.703839735992282	-1.4004927158362532	2.076960896986864	4.842270847673288	Merc	1	0	1	-4.1945001	-4.3559825	1	2.8615688883189945	5.943366685072722	4.243768366566518	-1.928514	-5.51857568	0.97478044
2_DD_Mic	126658353	27	TESS-SPOC	600	9.92549992	1415.7830810546875	0.1006261466420709	0.0	8.267393123956142	-1.4419734716948052	2.272809432347628	5.619275473978302	Merc	1	0	1	-4.1945001	-4.3559825	1	2.64811764997784	6.018666772835867	4.173909500402877	-2.06724469	-5.47430715	0.97142613
2_DD_Mic	126658353	67	TESS-SPOC	200	9.92549992	986.6416625976562	0.3249636604981847	0.0	8.908508521177975	-1.5051772065767002	2.397924118690005	5.547402032759226	Merc	1	0	1	-4.1945001	-4.3559825	1	3.3611064884187485	8.059678314064787	5.354637499723581	-2.29991856	-7.7302712	0.97463065
2_Hen_3-160	139977336	36	SPOC	120	12.51599979	25567.837890625	0.0769864396655514	0.0	11.009058757326317	-1.6360213169178834	2.4549719336493543	8.41263844766183	Merc	1	0	1	-999.0	-999.0	0	2.5964203096644862	6.374138988183479	3.896122209575962	-2.21999815	-5.76404828	0.89372778
2_Hen_3-160	139977336	35	SPOC	120	12.51599979	13999.259765625	0.0907473626575144	0.0	10.744449038692846	-1.4799476027607903	2.3104896307126683	7.903411524366451	Merc	1	0	1	-999.0	-999.0	0	2.841037514326395	6.5641877173168295	4.435419000694056	-2.14155156	-6.08422833	0.91210848
2_Hen_3-160	139977336	36	TESS-SPOC	600	12.51599979	8415.470703125	0.0585884753953916	1.2828170134923505e-44	9.527278045239784	-1.9311382340910437	2.255031099847577	6.139299435164393	Merc	1	0	1	-999.0	-999.0	0	3.3879786100753897	7.639997131338373	3.956214524919496	-2.16561664	-7.33706286	0.81105018
2_Hen_3-160	139977336	35	TESS-SPOC	600	12.51599979	3149.32666015625	0.3075678803496711	4.762364753124881e-62	9.165395398272688	-1.822764876752977	2.1459089248134977	5.828854049817315	Merc	1	0	1	-999.0	-999.0	0	3.3365413484553725	7.159913857659646	3.9280512527836935	-2.05574159	-6.85906682	0.83314562
2_WRAY_15-157	154230723	88	SPOC	120	11.85680008	1417.1014404296875	0.1026251218282205	0.0	8.549754533763975	-1.448026154495541	2.0968534691850014	6.022242283334779	Merc	1	0	1	-999.0	-999.0	0	2.527512250429196	5.29982283072005	3.66003253067372	-1.88048553	-4.75295021	0.82575649
2_V1016_Cyg	171876171	41	SPOC	20	11.21310043	5933.74462890625	0.1504255600697387	2.707173450723869e-30	9.06477257627971	-1.4456264607923612	1.9463746090389724	7.299238026803665	Merc	1	0	1	-999.0	-999.0	0	1.7655345494760448	3.436391618481235	2.377095129123271	-1.4989055	-2.64636944	0.82761461
2_V1016_Cyg	171876171	41	SPOC	120	11.21310043	2582.16552734375	0.1353947903914676	3.0147278521307086e-09	7.26229904860802	-1.6791252878566416	2.024087474277493	6.561761880518063	Merc	1	0	1	-999.0	-999.0	0	0.7005371680899577	1.41794850719671	0.8444566450468286	-0.85178282	-0.59670553	0.82760882
2_V1016_Cyg	171876171	55	SPOC	20	11.21310043	6095.3935546875	0.0607419495664082	8.043895850926935e-109	9.542069100361422	-1.385448809185413	2.210056670835094	7.334892465765813	Merc	1	0	1	-999.0	-999.0	0	2.2071766345956085	4.877985444999378	3.520870213795509	-1.88819668	-4.16758359	0.80274659
2_V1016_Cyg	171876171	54	SPOC	20	11.21310043	6180.7431640625	0.104839030346397	1.0261188728156304e-281	9.58628582601197	-1.3950523688813583	2.1336217205126786	7.362844343716918	Merc	1	0	1	-999.0	-999.0	0	2.223441482295052	4.74398304091363	3.4005770297481064	-1.82821305	-4.06492472	0.8133651
2_V1016_Cyg	171876171	55	SPOC	120	11.21310043	2625.07373046875	0.1214921814829718	1.0696628510673558e-12	7.553984015241149	-1.5192189186538685	1.8284681432586631	6.591495008536001	Merc	1	0	1	-999.0	-999.0	0	0.9624890067051473	1.7598804869970357	1.1584113819201316	-0.95557431	-0.91972977	0.8027423
2_V1016_Cyg	171876171	54	SPOC	120	11.21310043	2626.8095703125	0.1296248844649825	2.7526633601205613e-61	8.227269394050568	-1.4216011176053098	1.884075365109941	6.587775653515518	Merc	1	0	1	-999.0	-999.0	0	1.63949374053505	3.088929767794037	2.172852658555408	-1.39332707	-2.28435101	0.81335694
2_V1016_Cyg	171876171	81	SPOC	20	11.21310043	6101.8447265625	0.1502308247277911	1.4223638461195803e-101	9.129534497971964	-1.479266776735255	2.328216307555768	7.328331438171115	Merc	1	0	1	-999.0	-999.0	0	1.8012030598008506	4.193590337047687	2.8349114595157405	-1.81180488	-3.2634285	0.78600281
2_V1016_Cyg	171876171	75	SPOC	20	11.21310043	6267.3857421875	0.1949545306357108	1.2007638701353789e-85	9.366647491970026	-1.3854556089160086	2.404268444251861	7.35774025240339	Merc	1	0	1	-999.0	-999.0	0	2.008907239566636	4.829952283519176	3.4861833554509687	-1.97310409	-3.96378308	0.83871847
2_V1016_Cyg	171876171	82	SPOC	20	11.21310043	5889.06201171875	0.1179689026151759	1.091507270602466e-58	8.807947382967626	-1.5582716055002834	2.035667498933824	7.290668794043944	Merc	1	0	1	-999.0	-999.0	0	1.5172785889236815	3.088674710300112	1.982115761718248	-1.43895205	-2.18329113	0.81358725
2_V1016_Cyg	171876171	82	SPOC	120	11.21310043	2499.19677734375	0.1121751878941159	0.0036353083364848	6.879004883827975	-1.74132471619291	2.05986402312459	6.530630257473461	Merc	1	0	1	-999.0	-999.0	0	0.3483746263545137	0.7176043593971345	0.4121025519961871	-0.58712282	-0.20453869	0.81357944
2_V1016_Cyg	171876171	81	SPOC	120	11.21310043	2662.501220703125	0.1126809557002162	3.915675090368008e-81	8.08949218897727	-1.4416153910605327	2.307200809151648	6.612528174665077	Merc	1	0	1	-999.0	-999.0	0	1.476964014312192	3.407652568908956	2.363773715264025	-1.60451315	-2.36980818	0.78599739
2_V1016_Cyg	171876171	75	SPOC	120	11.21310043	2605.07861328125	0.0740142275594096	8.640862324329633e-26	7.903327391318525	-1.4348337773712652	2.4776401770894663	6.575622528958031	Merc	1	0	1	-999.0	-999.0	0	1.327704862360494	3.2895749103014	2.2926522654966868	-1.61114839	-2.13912955	0.83871657
2_V1016_Cyg	171876171	41	TESS-SPOC	600	11.21310043	1254.04296875	0.206950443874107	1.0658165447054415e-26	7.0439615261803725	-1.5600909989640506	2.0083605616119877	5.908364235895259	Merc	1	0	1	-999.0	-999.0	0	1.135597290285114	2.2806888116820625	1.461894731266645	-1.17664487	-1.33619473	0.76656371
2_V1016_Cyg	171876171	55	TESS-SPOC	600	11.21310043	1277.6956787109375	0.097596836106175	1.3744427942927663e-16	6.866134568391057	-1.630952812157919	1.893604938490448	5.925116886103059	Merc	1	0	1	-999.0	-999.0	0	0.9410176822879972	1.781915730387387	1.0925611808656366	-0.97422435	-0.91676234	0.74156868
2_V1016_Cyg	171876171	54	TESS-SPOC	600	11.21310043	1390.404296875	0.185004048751511	1.964209356501217e-82	7.574608120704881	-1.477410990503341	2.232080303471469	5.975734720528335	Merc	1	0	1	-999.0	-999.0	0	1.5988734001765463	3.568813824278525	2.4155863515423435	-1.62720091	-2.60168825	0.74729711
2_V1329_Cyg	230861869	41	SPOC	20	10.96430016	4371.3642578125	0.3008465841483319	0.0	10.504958738546506	-1.2233472888161043	1.6433630244601516	7.011042451671878	Merc	1	1	1	-4.3756998	-3.1695045	1	3.493916286874628	5.74177283640887	4.693493735507826	-1.58554962	-5.53977765	0.95799816
2_V1329_Cyg	230861869	41	SPOC	120	10.96430016	2150.535400390625	0.0676963745071545	0.0	9.55653999641152	-1.4231651014006723	1.90225068062958	6.254603848181714	Merc	1	0	1	-4.3756998	-3.1695045	1	3.3019361482298057	6.2811102853655605	4.413479700411233	-1.81914524	-6.00670141	0.95799816
2_V1329_Cyg	230861869	55	SPOC	20	10.96430016	3982.78369140625	0.0570598801667045	0.0	11.14130521027441	-1.4424731357103908	2.15869374958736	6.952292443709357	Merc	1	0	1	-4.3756998	-3.1695045	1	4.189012766565053	9.042795676125635	6.268952573367843	-2.12424123	-8.89847361	0.94253123
2_V1329_Cyg	230861869	55	SPOC	120	10.96430016	1675.6103515625	0.0957198727798609	0.0	8.631247863807355	-1.383120360836388	2.250563592168382	6.180949929064019	Merc	1	0	1	-4.3756998	-3.1695045	1	2.450297934743336	5.51455132189873	3.9870364706105694	-1.99802534	-4.89575737	0.94253123
2_V1329_Cyg	230861869	75	SPOC	20	10.96430016	4139.63427734375	0.207593391223582	0.0	10.34795257526909	-1.4091550041522105	2.15711412940826	6.997685708391325	Merc	1	0	1	-4.3756998	-3.1695045	1	3.350266866877765	7.226907995830369	5.12854013542555	-2.06786697	-6.92790618	0.95756805
2_V1329_Cyg	230861869	82	SPOC	20	10.96430016	4301.04931640625	0.3945142456536684	0.0	10.093984915303448	-1.5355754274998288	1.9591648997825115	7.026844260811489	Merc	1	0	1	-4.3756998	-3.1695045	1	3.0671406544919586	6.009034312976604	3.913213382660276	-1.8477815	-5.66740576	0.9155634
2_V1329_Cyg	230861869	82	SPOC	120	10.96430016	2181.505126953125	0.1353822320607339	0.0	10.0802122839097	-1.2852026896587048	2.049007091574772	6.292163323033839	Merc	1	0	1	-4.3756998	-3.1695045	1	3.788048960875861	7.761739184067087	6.039311344834078	-1.99736475	-7.56611546	0.91556245
2_V1329_Cyg	230861869	75	SPOC	120	10.96430016	1798.6807861328125	0.0812362700066434	8.128904336847982e-146	8.41451509809073	-1.4052584127633916	1.92481025624638	6.255862377419986	Merc	1	0	1	-4.3756998	-3.1695045	1	2.1586527206707435	4.154996896421199	2.956749348506331	-1.62972048	-3.51800055	0.95756805
2_V1329_Cyg	230861869	41	TESS-SPOC	600	10.96430016	5356.3515625	0.0526775005867381	0.0	9.556750962504644	-1.4177649780116346	2.384160665414125	6.870854149324636	Merc	1	0	1	-4.3756998	-3.1695045	1	2.6858968131800083	6.403609533344927	4.516693269095815	-2.1772861	-5.8479658	0.90454096
2_V1329_Cyg	230861869	55	TESS-SPOC	600	10.96430016	1033.5997314453125	0.0754984613458086	9.507135053566968e-138	8.944738758810546	-1.4170648601938407	2.2652805871831774	5.55307407357881	Merc	1	0	1	-4.3756998	-3.1695045	1	3.391664685231736	7.683072169690193	5.421821107496253	-2.17583243	-7.37969403	0.88643163
2_AG_Dra	237100139	78	SPOC	20	8.375	984.4488525390624	0.3074532491181432	0.0	9.177182097359328	-1.5272532638689174	2.6699075273248143	5.774156291121901	Merc	1	0	1	-4.265	-5.849025	1	3.4030258062374266	9.0857642157539	5.949088098680745	-2.56582479	-8.73156798	0.99986941
2_AG_Dra	237100139	74	SPOC	20	8.375	2563.00537109375	0.0524218564442897	0.0	10.55162134017527	-1.2538025683352323	2.25047481373024	6.495305539866183	Merc	1	0	1	-4.265	-5.849025	1	4.056315800309087	9.128636545131622	7.280760763835725	-2.20868446	-8.95912169	0.99978775
2_AG_Dra	237100139	83	SPOC	20	8.375	994.4556884765624	0.3691711931726006	0.0	10.049851038535998	-1.3892553341276266	2.3058636374781907	5.780450780452442	Merc	1	0	1	-4.265	-5.849025	1	4.269400258083556	9.844654808954871	7.086281813801174	-2.27229152	-9.70132201	0.99973381
2_AG_Dra	237100139	82	SPOC	20	8.375	1011.645263671875	0.1141000712281364	0.0	9.738832747923096	-1.4065726363514697	2.056819232876544	5.7858364853812265	Merc	1	0	1	-4.265	-5.849025	1	3.952996262541868	8.13059874028521	5.780432897781444	-2.01385138	-7.96074699	0.99978423
2_AG_Dra	237100139	75	SPOC	20	8.375	2039.551025390625	0.1010873813677797	0.0	10.026337235954472	-1.4522668502631098	2.335303048608433	6.352893164785094	Merc	1	0	1	-4.265	-5.849025	1	3.673444071169378	8.57860513829442	5.907044656937683	-2.26826422	-8.33234176	0.99961531
2_AG_Dra	237100139	81	SPOC	20	8.375	1000.4454956054688	0.1070417717918771	0.0	9.857489793410124	-1.2570282403483213	2.268563386567545	5.806483797505852	Merc	1	0	1	-4.265	-5.849025	1	4.051005995904271	9.189963881074023	7.310865091246871	-2.22618126	-9.01827364	0.99981892
2_AG_Dra	237100139	80	SPOC	20	8.375	1022.1505126953124	0.094522987967365	0.0	10.667174340869416	-1.3765182703207166	2.0342104810455712	5.866834712828558	Merc	1	0	1	-4.265	-5.849025	1	4.800339628040858	9.764901183939113	7.093913240733067	-2.01808444	-9.6874907	0.99985576
2_AG_Dra	237100139	76	SPOC	20	8.375	1043.09423828125	0.171714706649796	0.0	10.222412163551514	-1.3694876782439842	2.188240523033376	5.840066615233226	Merc	1	0	1	-4.265	-5.849025	1	4.382345548318288	9.589626114764997	7.00234567065344	-2.16024067	-9.46692106	0.99928939
2_AG_Dra	237100139	79	SPOC	20	8.375	998.6556396484376	0.0995029462136174	0.0	9.925872484604792	-1.3574865995629628	2.502441287964982	5.837756563596703	Merc	1	0	1	-4.265	-5.849025	1	4.088115921008089	10.23027007071763	7.5361849420916736	-2.45762746	-10.04706596	0.99982268
2_AG_Dra	237100139	77	SPOC	20	8.375	1114.78125	0.0498863057346652	0.0	10.053378379080348	-0.8921175922995208	1.648233558150698	5.819738835196939	Merc	1	2	1	-4.265	-5.849025	1	4.233639543883409	6.978026769342448	7.821868809195767	-1.62323527	-6.87219301	0.99963695
2_AG_Dra	237100139	74	SPOC	120	8.375	2917.244384765625	0.052425491721349	0.0	10.301626346958058	-1.41432033448926	2.2153826359232416	6.5547315258685845	Merc	1	0	1	-4.265	-5.849025	1	3.746894821089473	8.300805725272339	5.869112903810387	-2.15687408	-8.08158033	0.99978769
2_AG_Dra	237100139	75	SPOC	120	8.375	616.7562255859375	0.1101185620628747	0.0	8.188879017841018	-1.610696701409629	2.1807174381234127	5.071769271288796	Merc	1	0	1	-4.265	-5.849025	1	3.117109746552222	6.797535580850882	4.220245546478056	-2.06347773	-6.43208656	0.99961531
2_AG_Dra	237100139	76	SPOC	120	8.375	528.3896484375	0.2418963148172383	0.0	8.091144796110413	-1.4710639520090325	2.168526094556288	5.13682453306552	Merc	1	0	1	-4.265	-5.849025	1	2.9543202630448926	6.406520582089246	4.355025200189196	-2.02870844	-5.99345446	0.99928939
2_AG_Dra	237100139	85	SPOC	120	8.375	2378.626708984375	0.086315336104745	0.0	10.81798845670816	-1.4834982122189089	2.272785402587369	6.697125834956418	Merc	1	0	1	-4.265	-5.849025	1	4.1208626217517415	9.365836412785272	6.3133452643508985	-2.23357707	-9.20426426	0.99986321
2_AG_Dra	237100139	78	SPOC	120	8.375	494.680419921875	0.0775637314282628	0.0	6.4857384157628815	-2.0532515943353697	2.1732428566652437	5.0998483029055945	Merc	1	0	1	-4.265	-5.849025	1	1.385890112857287	3.011875787890087	1.4668810175038585	-1.45261063	-2.01315871	0.99986935
2_AG_Dra	237100139	79	SPOC	120	8.375	1015.7113647460938	0.1013481870454885	0.0	9.468595364599471	-1.302256080431683	2.2768747753402145	5.639090723767891	Merc	1	0	1	-4.265	-5.849025	1	3.82950464083158	8.719302518757713	6.695536039169319	-2.22213133	-8.50966225	0.99982262
2_AG_Dra	237100139	80	SPOC	120	8.375	754.7832641601562	0.1304508570208964	0.0	9.144905464438166	-1.275824061600389	1.858416938466218	5.079847589493284	Merc	1	0	1	-4.265	-5.849025	1	4.065057874944881	7.554572410643056	5.921327742609453	-1.82424932	-7.41567906	0.99985576
2_AG_Dra	237100139	81	SPOC	120	8.375	566.8265380859375	0.1183175559323905	0.0	8.840617419407955	-1.393873125130581	2.319717736900728	5.0997704133497	Merc	1	0	1	-4.265	-5.849025	1	3.740847006058256	8.67770915098532	6.2256090561846325	-2.25803139	-8.44694996	0.99981892
2_AG_Dra	237100139	82	SPOC	120	8.375	736.3955688476562	0.1083061301689337	0.0	8.647437633278205	-1.5836762687634642	2.1100015218791563	5.100408847058473	Merc	1	0	1	-4.265	-5.849025	1	3.547028786219732	7.484236137072811	4.725862403000146	-2.04010062	-7.23629563	0.99978423
2_AG_Dra	237100139	83	SPOC	120	8.375	708.6773681640625	0.1163745853295157	0.0	9.404536030512388	-1.3531387801905044	2.3067128384059785	5.089746829864752	Merc	1	0	1	-4.265	-5.849025	1	4.314789200647636	9.952979644149371	7.355475868297944	-2.27482638	-9.8153963	0.99973381
2_AG_Dra	237100139	77	SPOC	120	8.375	978.8961181640624	0.1942146790508945	0.0	9.237277930141548	-1.232877819574164	1.850065039679777	5.630629632891812	Merc	1	0	1	-4.265	-5.849025	1	3.606648297249735	6.672533925162332	5.412161545307892	-1.79277719	-6.46591681	0.99963689
2_AG_Dra	237100139	84	SPOC	120	8.375	2871.58154296875	0.1747552983271058	0.0	10.177970468985784	-1.3829737778961986	1.8027461045687112	4.947260828865527	Merc	1	0	1	-4.265	-5.849025	1	5.230709640120256	9.429641427856795	6.8183804917843895	-1.7940253	-9.38402541	0.99985117
2_AG_Dra	237100139	56	TESS-SPOC	200	8.375	685.26708984375	0.0502199025901934	0.0	9.19702969026528	-1.4168684070248236	2.247365393749002	5.316812063241841	Merc	1	0	1	-4.265	-5.849025	1	3.88021762702344	8.720266815187351	6.154606011364449	-2.19636073	-8.52235763	0.99938965
2_AG_Dra	237100139	60	TESS-SPOC	200	8.375	603.282470703125	0.1245249912114624	0.0	8.838761112311635	-1.4078395360333578	2.291886462457385	5.049362789523905	Merc	1	0	1	-4.265	-5.849025	1	3.78939832278773	8.684870716855919	6.168935091371192	-2.23421121	-8.46631622	0.99929959
2_AG_Dra	237100139	58	TESS-SPOC	200	8.375	565.1292724609375	0.1006019502974817	0.0	8.049487592377341	-1.4987639498746186	1.6380122021292545	4.800403330871227	Merc	1	0	1	-4.265	-5.849025	1	3.2490842615061144	5.322039666093133	3.550952547623231	-1.5620677	-5.07528957	0.9994992
2_AG_Dra	237100139	57	TESS-SPOC	200	8.375	873.3057250976562	0.048687248177151	0.0	9.366743372182595	-1.4298325679209338	2.2768797792971407	5.64950849712547	Merc	1	0	1	-4.265	-5.849025	1	3.717234875057128	8.463696921915707	5.91936224688353	-2.21468717	-8.23251237	0.99933547
2_V471_Per	241112109	85	SPOC	120	11.92399979	3894.978515625	0.1588925818391592	0.0	9.796550657525806	-1.529465924730441	2.4075990077095573	6.868868549522222	Merc	1	0	1	-4.7960002	-1.86726	1	2.927682108003584	7.0486845381184535	4.60859207396905	-2.24769843	-6.58054647	0.66953242
2_Hen_3-860	244876801	37	SPOC	120	11.87720013	3379.9775390625	0.2804132584574835	3.372316348607181e-32	8.21377597721593	-1.6030977915010278	1.9946046814182208	6.799172964149039	Merc	1	0	1	-999.0	-999.0	0	1.4146030130668903	2.82157379221154	1.7600759025247092	-1.35056258	-1.91050989	0.928105
2_Hen_3-860	244876801	38	SPOC	120	11.87720013	3153.48095703125	0.3408821371161797	3.1633794680695205e-21	8.192683941856503	-1.4001587933291249	1.4846668108504493	6.746329291113284	Merc	1	0	1	-999.0	-999.0	0	1.4463546507432188	2.14735474667765	1.5336508665363124	-1.01928013	-1.47424056	0.94966781
2_Hen_3-860	244876801	37	TESS-SPOC	600	11.87720013	1787.9810791015625	0.0945727771426239	0.0	8.792640997914594	-1.4254214574122628	2.4533701210158645	6.226710063602551	Merc	1	0	1	-999.0	-999.0	0	2.5659309343120427	6.295178286831487	4.416362791577358	-2.21059687	-5.67223888	0.89026558
2_Hen_3-860	244876801	38	TESS-SPOC	600	11.87720013	1575.4154052734375	0.2173899484885922	3.4484647139372115e-45	7.790721505875138	-1.4178598394188129	1.804797728500212	6.090194752466927	Merc	1	0	1	-999.0	-999.0	0	1.7005267534082105	3.069106821804978	2.16460522858382	-1.36211921	-2.31632016	0.91690528
2_Hen_3-863	244906894	37	SPOC	120	10.95740032	1784.46728515625	0.1625303165385189	7.768654916402733e-151	8.161648833307206	-1.795733248653845	1.815472107947408	6.218026229904719	Merc	1	0	1	-999.0	-999.0	0	1.9436226034024864	3.528592624853341	1.964987075612994	-1.46717172	-2.85162812	0.95200545
2_Hen_3-863	244906894	37	TESS-SPOC	600	10.95740032	1181.5323486328125	0.1111474880644181	0.0	7.951139789474269	-1.5143106391495909	2.664832708412161	5.779297592719236	Merc	1	0	1	-999.0	-999.0	0	2.1718421967550325	5.78759612342253	3.8219345316577433	-2.26194425	-4.91258598	0.92959619
2_StHA_180	248105480	81	SPOC	20	11.02519989	4273.38330078125	0.0995279973777259	0.0	9.959448159229048	-1.4310850556175494	2.5313412197213343	7.028919559838814	Merc	1	0	1	-3.5448001	-3.785788	1	2.930528599390234	7.418167839208729	5.183596747160218	-2.36375352	-6.9270473	0.99698061
2_StHA_180	248105480	81	SPOC	120	11.02519989	1802.0205078125	0.0657306076782014	9.3324255175799e-57	7.302710831093028	-1.5546981746196444	1.8696566467941187	6.255568473854705	Merc	1	0	1	-3.5448001	-3.785788	1	1.0471423572383234	1.9577966683502928	1.2592776529304577	-1.03595564	-1.08479303	0.99697995
2_V934_Her	257212213	25	SPOC	120	5.74469995	882.9253540039062	0.0623270646013627	0.0	9.661143781420405	-1.3117859617026064	2.45415718289702	5.826907260717154	Merc	1	0	1	-12.0953	-2.0976305	1	3.834236520703251	9.40981909820996	7.173288457818738	-2.39546799	-9.18479087	0.99927157
2_V934_Her	257212213	52	SPOC	120	5.74469995	244.8430633544922	0.2004880891744206	0.0	7.861229347234288	-1.4241464501652443	2.2686547955349154	4.351006641853117	Merc	1	0	1	-12.0953	-2.0976305	1	3.510222705381171	7.963483573958539	5.591758890410837	-2.19030194	-7.68844759	0.99929702
2_V934_Her	257212213	79	SPOC	20	5.74469995	318.6352233886719	0.1787305689702116	0.0	10.906253991068365	-1.157028421829694	2.35000395065122	5.783791773664502	Merc	1	1	1	-12.0953	-2.0976305	1	5.122462217403863	12.037806447960683	10.40407151703708	-2.3371311	-11.97186576	0.9992668
2_V934_Her	257212213	79	SPOC	120	5.74469995	420.20556640625	0.2100634428300259	0.0	8.829635004477424	-1.2297904736801062	1.8812048817349751	4.196654143983044	Merc	1	0	1	-12.0953	-2.0976305	1	4.6329808604943805	8.715586211746734	7.087049703406499	-1.86313813	-8.63188328	0.9992668
2_V934_Her	257212213	25	TESS-SPOC	1800	5.74469995	491.9508056640625	0.1173585117458369	0.0	7.301911980803907	-1.315470083364682	2.875722302144553	4.359398950900936	Merc	1	0	1	-12.0953	-2.0976305	1	2.9425130299029707	8.461850344442917	6.432567681660515	-2.68785555	-7.90904999	0.99910432
2_V934_Her	257212213	52	TESS-SPOC	600	5.74469995	351.3331298828125	0.1985212633970722	0.0	8.083779258525013	-1.373257977396432	2.264552133368081	3.93183028133838	Merc	1	0	1	-12.0953	-2.0976305	1	4.151948977186633	9.402304913923412	6.846714214432819	-2.22684774	-9.24575821	0.99914038
2_HD_330036	279627924	65	TESS-SPOC	200	10.15069962	965.5177001953124	0.1772537854368663	3.1793671153627164e-192	7.196592757234191	-1.5573028713550896	2.4434377417729727	5.685888829443861	Merc	1	0	1	-999.0	-999.0	0	1.5107039277903294	3.6913109938075626	2.370323115500045	-1.72269145	-2.60247673	0.92081439
2_ER_Del	282619434	81	SPOC	20	7.86609983	1024.551513671875	0.167130785943955	0.0	10.646943543085772	-0.9899521347994334	1.717839823708058	5.694380467285374	Merc	1	1	1	-8.8239002	-2.6424215	1	4.952563075800399	8.507710081035995	8.5940620581213	-1.70640365	-8.45107172	0.98852283
2_ER_Del	282619434	81	SPOC	120	7.86609983	3457.037109375	0.0600961477667138	0.0	10.236726503520714	-1.3987233737885347	2.227665177280665	6.7175998320418735	Merc	1	0	1	-8.8239002	-2.6424215	1	3.5191266714788405	7.839435940493027	5.604707898216784	-2.15149899	-7.57139749	0.98852283
2_StHA_32	298812903	5	SPOC	120	11.52449989	2252.025146484375	0.122826797584525	5.21492947885919e-115	8.021862608534182	-1.28611764499234	1.4516434436397068	6.464159729973811	Merc	1	1	1	-5.1255001	-1.9982175	1	1.557702878560371	2.261229170800861	1.7581822157601523	-1.04228656	-1.62357277	0.98612738
2_StHA_32	298812903	5	TESS-SPOC	1800	11.52449989	929.1207275390624	0.1013808454776641	2.517199677824198e-27	7.08061915877576	-1.3674002735984752	1.7483648354169166	5.668738665848804	Merc	1	0	1	-5.1255001	-1.9982175	1	1.4118804929269562	2.4684822056445928	1.805237466530916	-1.18240153	-1.66940966	0.98510867
2_YY_Her	329668061	80	SPOC	20	10.77869987	3250.65185546875	0.0586035783847957	0.0	10.16386036011657	-1.536057759950228	2.1881993800035007	6.776833681540404	Merc	1	0	1	-999.0	-999.0	0	3.3870266785761656	7.411489678115681	4.825007152306455	-2.10134166	-7.11730026	0.98358464
2_YY_Her	329668061	80	SPOC	120	10.77869987	1389.9072265625	0.1814947566765539	0.0	8.608236754076609	-1.4562071393011795	2.011624329240156	6.031126333605113	Merc	1	0	1	-999.0	-999.0	0	2.577110420471496	5.1841780209587895	3.560055352734109	-1.81497883	-4.67740086	0.98358464
2_V443_Her	333326188	80	SPOC	20	8.74979973	2761.295166015625	0.1228780612437493	0.0	11.052548446772189	-1.3272071962601784	2.2647738852329886	6.640105872763576	Merc	1	0	1	-5.2202003	-4.695737	1	4.412442574008611	9.99318471170493	7.529483519878325	-2.23677554	-9.86964363	0.95120454
2_V443_Her	333326188	80	SPOC	120	8.74979973	2207.54638671875	0.1985092284588743	9.600012668051623e-278	9.315796072886917	-1.4958000080310565	2.107854420008232	6.413970060050772	Merc	1	0	1	-5.2202003	-4.695737	1	2.9018260128361444	6.116626787251531	4.089200932217494	-1.96378101	-5.69855083	0.95120454
2_V835_Cen	333861396	38	SPOC	120	12.69839954	13236.99609375	0.5412791792975711	0.982768246143476	8.204504595653852	-1.6347998452149222	0.9403324201689308	7.9905328113025265	Merc	1	0	1	-5.8516005	-0.2325461	1	0.2139717843513251	0.2012046058269461	0.1230759878133548	-0.22355964	-0.04783545	0.50669533
2_V835_Cen	333861396	38	TESS-SPOC	600	12.69839954	7044.19091796875	0.1143146599388785	1.4674294529102508e-07	8.094554558628674	-1.5943350308634607	1.9555948847657971	7.441827341013487	Merc	1	0	1	-5.8516005	-0.2325461	1	0.6527272176151877	1.2764700079156726	0.8006284646611329	-0.78602834	-0.51306209	0.42613593
2_V417_Cen	334771334	38	SPOC	120	9.44839954	1341.2037353515625	0.267830375177528	6.216077368031088e-275	8.747194307345477	-1.244944439226683	1.4806306492058503	5.818380799214684	Merc	1	1	1	-999.0	-999.0	0	2.9288135081307933	4.336491045946561	3.483280786924307	-1.38241825	-4.04884523	0.92122102
2_V417_Cen	334771334	38	TESS-SPOC	600	9.44839954	965.2384033203124	0.1368028883602063	4.042078306434666e-149	7.789705763173318	-1.4085949942509	2.395701068673711	5.513101417035301	Merc	1	0	1	-999.0	-999.0	0	2.2766043461380168	5.454063464990062	3.871988390737232	-2.0716577	-4.71634493	0.90315658
2_V417_Cen	334771334	65	TESS-SPOC	200	9.44839954	1122.4139404296875	0.179895006408195	0.0	9.19982493924342	-1.3771939522352388	2.0380147721439443	5.952977571169335	Merc	1	0	1	-999.0	-999.0	0	3.246847368074084	6.61712289903167	4.804786492339605	-1.94328676	-6.3095555	0.90425545
2_HM_Sge	342021932	41	SPOC	20	11.24629974	3744.287353515625	0.1993177092208979	0.0	10.489884746977047	-1.2965956046038425	1.702137270297725	6.867361459398562	Merc	1	1	1	-4.0637003	-3.1417845	1	3.622523287578488	6.166031900308788	4.755555146427276	-1.65036988	-5.97850332	0.74670392
2_HM_Sge	342021932	40	SPOC	20	11.24629974	4148.251953125	0.2773782672439302	0.0	9.54177508456853	-1.3825821916135497	3.222514162769002	6.98088516186154	Merc	1	0	1	-4.0637003	-3.1417845	1	2.560889922706989	8.252504045215689	5.968906655440543	-2.90187134	-7.43137306	0.66596448
2_HM_Sge	342021932	41	SPOC	120	11.24629974	1713.7947998046875	0.1053090891596507	0.0	8.889455681785636	-1.3046260750043943	1.390776039415932	6.032616780967189	Merc	1	1	1	-4.0637003	-3.1417845	1	2.856838900818447	3.973223091729644	3.045488027453584	-1.29085036	-3.68775153	0.74670374
2_HM_Sge	342021932	40	SPOC	120	11.24629974	1609.0643310546875	0.1160333538915147	6.848464196042302e-152	7.750175929994497	-1.4815735182041827	2.2887746946098906	6.169193138621564	Merc	1	0	1	-4.0637003	-3.1417845	1	1.580982791372933	3.618513405508077	2.442344818564308	-1.65768495	-2.62077139	0.66596055
2_HM_Sge	342021932	54	SPOC	20	11.24629974	6391.66015625	0.1029341249921895	0.0	9.216100808811449	-1.472070391639953	2.528220787120699	7.368069154183344	Merc	1	0	1	-4.0637003	-3.1417845	1	1.8480316546281024	4.67223204448783	3.1739189043010048	-1.99338847	-3.683845	0.6910094
2_HM_Sge	342021932	54	SPOC	120	11.24629974	2779.7841796875	0.6309759042028867	0.0003525709767877	7.395759363469536	-1.6152489736754534	2.405265708274678	6.631366358493415	Merc	1	0	1	-4.0637003	-3.1417845	1	0.764393004976121	1.838568282514099	1.1382568956725532	-1.07276524	-0.82001425	0.69100714
2_HM_Sge	342021932	81	SPOC	20	11.24629974	4670.44921875	0.172768068367863	6.012560750659671e-275	9.575077442875104	-1.4201776123545424	2.597086429442519	7.118655902429422	Merc	1	0	1	-4.0637003	-3.1417845	1	2.4564215404456817	6.379539047681767	4.492071267835996	-2.30759092	-5.66841603	0.69123489
2_HM_Sge	342021932	81	SPOC	120	11.24629974	1242.2470703125	0.3136334161171118	0.0	8.589757329974384	-1.453067998483312	2.5170807213809137	5.930455980241868	Merc	1	0	1	-4.0637003	-3.1417845	1	2.659301349732517	6.693676159753961	4.606581499792651	-2.29219905	-6.09564803	0.69123489
2_HM_Sge	342021932	41	TESS-SPOC	600	11.24629974	1395.39501953125	0.1072400245352751	1.4119778698863207e-250	8.3969695414895	-1.5249057350402295	2.538245847083396	5.791195990587936	Merc	1	0	1	-4.0637003	-3.1417845	1	2.6057735509015645	6.61409389401565	4.337378856956794	-2.29777427	-5.98747943	0.67339146
2_HM_Sge	342021932	40	TESS-SPOC	600	11.24629974	920.9935913085938	0.1577805180810977	2.5192493737778793e-248	8.216038139438597	-1.4568112920039429	2.333758705286418	5.6159993871194605	Merc	1	0	1	-4.0637003	-3.1417845	1	2.6000387523191364	6.067863072306822	4.165167517311089	-2.11126878	-5.48938063	0.59204912
2_HM_Sge	342021932	54	TESS-SPOC	600	11.24629974	1471.8529052734375	0.1373242724576652	2.2193141336865071e-100	7.427377646316556	-1.4953485598509406	2.541771858727594	6.049655602841562	Merc	1	0	1	-4.0637003	-3.1417845	1	1.3777220434749935	3.501855119253414	2.3418320071157765	-1.69257056	-2.33189177	0.61443216
2_Hen_3-1768	346727757	27	SPOC	120	10.10210037	1231.8758544921875	0.1924940104874266	0.0	9.143350183906325	-1.5523923643792916	2.263484439599393	5.857265369401011	Merc	1	0	1	-4.8078996	-3.6794614	1	3.286084814505312	7.438001844836631	4.791315659305398	-2.16281763	-7.10720218	0.97341925
2_Hen_3-1768	346727757	39	SPOC	120	10.10210037	1309.114013671875	0.112716412976945	0.0	8.900969989497309	-1.4373440259124195	1.7602938111262654	5.819130414021069	Merc	1	0	1	-4.8078996	-3.6794614	1	3.0818395754762395	5.424943131594821	3.774283006569072	-1.66184774	-5.12154812	0.97863734
2_Hen_3-1768	346727757	27	TESS-SPOC	600	10.10210037	685.621337890625	0.0836492942741407	3.3548959373610793e-59	9.433291058935811	-1.2252311268577518	1.8975536452692128	5.361241119039181	Merc	1	1	1	-4.8078996	-3.6794614	1	4.072049939896632	7.726933207169135	6.306510696464068	-1.86294362	-7.58599946	0.96941566
2_Hen_3-1768	346727757	39	TESS-SPOC	600	10.10210037	1454.3740234375	0.2058647276062554	2.81605393e-316	8.536911176077814	-1.5773718377626544	2.118578775050114	5.15962425608445	Merc	1	0	1	-4.8078996	-3.6794614	1	3.377286919993364	7.1550483859523135	4.5360568856744905	-2.03355569	-6.86790102	0.97497451
2_Hen_3-1768	346727757	66	TESS-SPOC	200	10.10210037	1491.6424560546875	0.0980806150362223	0.0	9.156377988027602	-1.5667908035583704	2.157286597628608	5.713948657937839	Merc	1	0	1	-4.8078996	-3.6794614	1	3.4424293300897637	7.426306657086274	4.739820172686895	-2.07684671	-7.14939802	0.97339159
2_Hen_3-1768	346727757	67	TESS-SPOC	200	10.10210037	1194.7587890625	0.2333423361023517	0.0	9.086587404217248	-1.376398547327071	2.1798788208330566	5.640661700060374	Merc	1	0	1	-4.8078996	-3.6794614	1	3.445925704156874	7.511700460655807	5.45750391501308	-2.09891687	-7.23271161	0.9757303
2_AG_Peg	385053976	82	SPOC	20	6.85900021	439.093505859375	0.1121651040216643	0.0	9.210518636013717	-1.3020460835179697	2.179037438822064	5.099397853033571	Merc	1	0	1	-999.0	-999.0	0	4.111120782980144	8.958286101633213	6.880160552711789	-2.14102612	-8.80201698	0.99928308
2_AG_Peg	385053976	82	SPOC	120	6.85900021	299.7969665527344	0.0986350010493647	0.0	8.162189471823075	-1.334855742087342	1.903472126845287	4.471370706911738	Merc	1	1	1	-999.0	-999.0	0	3.690818764911336	7.025370644246276	5.263018633954075	-1.84989646	-6.82763257	0.99928308
2_StHA_190	388775434	82	SPOC	20	9.66699982	2518.1162109375	0.1237706841866273	0.0	10.497049214841631	-1.4700726405601143	2.471255959365322	6.657572780243714	Merc	1	0	1	-3.3030002	-5.341055	1	3.839476434597917	9.48832901984282	6.454326648938695	-2.41250904	-9.2627716	0.99729049
2_StHA_190	388775434	82	SPOC	120	9.66699982	1498.644775390625	0.1237784416778813	0.0	9.706036816172794	-1.5319372265167914	2.383474483693159	5.999362952943244	Merc	1	0	1	-3.3030002	-5.341055	1	3.7066738632295504	8.83476257237998	5.767052604673513	-2.31758499	-8.59053172	0.99729049
2_TX_CVn	389852937	76	SPOC	20	8.73659992	1281.5421142578125	0.234490849623335	0.0	10.659632886664104	-1.4211477841433648	2.107051521694335	6.049071801215229	Merc	1	0	1	-999.0	-999.0	0	4.610561085448875	9.714689750959735	6.835805437937285	-2.08628928	-9.61896416	0.99984729
2_TX_CVn	389852937	76	SPOC	120	8.73659992	592.1542358398438	0.2086575171163738	0.0	8.764743081937471	-1.4030259021982716	2.3085734643964217	5.257219267994581	Merc	1	0	1	-999.0	-999.0	0	3.50752381394289	8.097376402607088	5.771366294749125	-2.22859817	-7.81686117	0.99984729
2_PU_Vul	402762666	55	SPOC	20	9.94200039	2850.68798828125	0.1251660806639287	0.0	11.089303041374103	-1.25173305601432	2.096539523275899	6.732361617890134	Merc	1	0	1	-999.0	-999.0	0	4.356941423483971	9.134499894932102	7.29748235939181	-2.06892212	-9.01417248	0.90985036
2_PU_Vul	402762666	54	SPOC	20	9.94200039	2562.821044921875	0.1029324046251134	0.0	10.855132723246657	-1.2352618282907757	2.3305478033182445	6.65148780069904	Merc	1	1	1	-999.0	-999.0	0	4.203644922547615	9.796795440173236	7.930946472885837	-2.29396893	-9.64303085	0.92677331
2_PU_Vul	402762666	55	SPOC	120	9.94200039	1377.1739501953125	0.1141297951655384	0.0	9.2048511833081	-1.2269457702630877	1.6782682482918605	5.903422724172181	Merc	1	1	1	-999.0	-999.0	0	3.30142845913592	5.540682556974937	4.515833292115981	-1.60490623	-5.29848309	0.90984911
2_PU_Vul	402762666	54	SPOC	120	9.94200039	5884.64697265625	0.0876870286793984	0.0	10.244088228066715	-1.5089233470579917	2.078485908468928	7.128156516577997	Merc	1	0	1	-999.0	-999.0	0	3.1159317114887184	6.4764201540807695	4.292080288046511	-1.96659491	-6.12777545	0.92677337
2_PU_Vul	402762666	81	SPOC	20	9.94200039	2575.2822265625	0.5314404897662289	0.0	10.363741007294696	-1.470848916813292	2.0476415795574088	6.594848828415576	Merc	1	0	1	-999.0	-999.0	0	3.7688921788791214	7.717340334341608	5.246861350696591	-1.99489781	-7.51855474	0.93454856
2_PU_Vul	402762666	82	SPOC	20	9.94200039	2979.164794921875	0.2262702070486974	0.0	9.36560500116744	-1.4760438414041104	2.046154156290694	6.7076675884599375	Merc	1	0	1	-999.0	-999.0	0	2.6579374127075024	5.43854968417199	3.6845448160933234	-1.8630723	-4.95192956	0.9066872
2_PU_Vul	402762666	82	SPOC	120	9.94200039	1306.0850830078125	0.3075174356271649	3.202925788963276e-102	8.008813337828215	-1.61184784247259	1.7966194383749925	5.944630506103203	Merc	1	0	1	-999.0	-999.0	0	2.064182831725012	3.708550999837093	2.3008071246651545	-1.4924494	-3.08068843	0.90668637
2_PU_Vul	402762666	81	SPOC	120	9.94200039	4166.07275390625	0.1427289278243796	0.0	10.476321728489578	-1.4791493669988136	2.448721521633804	6.67615760258064	Merc	1	0	1	-999.0	-999.0	0	3.800164125908939	9.305543680853932	6.29114536264504	-2.38784903	-9.07421823	0.93454796
2_PU_Vul	402762666	55	TESS-SPOC	600	9.94200039	1462.2962646484375	0.1694145283189417	5.7203037365800205e-272	8.423693480500516	-1.5353860514377582	2.19209215936157	5.737697338265209	Merc	1	0	1	-999.0	-999.0	0	2.685996142235308	5.887951083469441	3.8348342932748913	-2.00190422	-5.37710701	0.87747043
2_PU_Vul	402762666	54	TESS-SPOC	600	9.94200039	5641.1728515625	0.0839189861419053	9.654766461634648e-138	9.68535481663575	-1.4652988502861737	2.063188273712449	6.895551278525215	Merc	1	0	1	-999.0	-999.0	0	2.789803538110535	5.755889945791156	3.928133803330992	-1.90353491	-5.31048842	0.9011268
2_RR_Tel	421990485	27	SPOC	120	10.88379955	1773.27880859375	0.0763076620767179	0.0	9.553945565094494	-1.5041889482809276	1.952121605891068	6.141786848837898	Merc	1	0	1	-2.1462004	-5.0670471	1	3.412158716256596	6.660948752734032	4.42826598370274	-1.87680111	-6.40394325	0.97581053
2_RR_Tel	421990485	67	SPOC	120	10.88379955	2808.430419921875	0.1144972366988415	0.0	10.5019562433568	-1.4278722700586748	2.0182213696773768	6.033120381315428	Merc	1	0	1	-2.1462004	-5.0670471	1	4.468835862041374	9.019100034352522	6.316461369462624	-1.99483033	-8.91456934	0.99297309
2_RR_Tel	421990485	27	TESS-SPOC	600	10.88379955	1287.4974365234375	0.2126162845784966	8.828683305983356e-174	8.176969035018729	-1.465700582777662	1.910675527007544	5.795402368311112	Merc	1	0	1	-2.1462004	-5.0670471	1	2.3815666667076165	4.550401146015175	3.104591210158128	-1.67975472	-4.00044785	0.9685185
2_RR_Tel	421990485	67	TESS-SPOC	200	10.88379955	2509.821044921875	0.0582996162204846	0.0	10.086468167296326	-1.4603470812622852	2.095046875867224	6.030558573952059	Merc	1	0	1	-2.1462004	-5.0670471	1	4.055909593344267	8.49732072233581	5.81869942520168	-2.05612473	-8.33945601	0.98466408
2_V399_Pav	466125998	27	SPOC	120	8.69769955	1035.198974609375	0.0896024429911684	0.0	9.526588737172768	-1.2659596129561113	1.9114257712848075	5.301860842684786	Merc	1	0	1	-5.4223004	-4.5831256	1	4.224727894487981	8.07525377419013	6.378760974320345	-1.88213906	-7.95152538	0.99671292
2_V399_Pav	466125998	27	TESS-SPOC	600	8.69769955	1289.415771484375	0.0623385386720939	1.7700399619564132e-112	9.822667414467716	-1.384404216418922	2.161621937674521	5.768570724525758	Merc	1	0	1	-5.4223004	-4.5831256	1	4.054096689941958	8.763424342432197	6.330105209518067	-2.12137983	-8.60027894	0.9943096
2_V399_Pav	466125998	66	TESS-SPOC	200	8.69769955	872.582763671875	0.2136282018267906	0.0	8.5808642532678	-1.655323400824762	2.3339654424801086	5.068460148721724	Merc	1	0	1	-5.4223004	-4.5831256	1	3.512404104546076	8.197829800035832	4.95240373932446	-2.25355559	-7.91539789	0.99544859
2_V399_Pav	466125998	67	TESS-SPOC	200	8.69769955	1663.5892333984375	0.058182339156665	0.0	10.302963663560048	-1.2763679856272567	2.4344045572153017	5.263369022380801	Merc	1	1	1	-5.4223004	-4.5831256	1	5.039594641179247	12.268412161004573	9.611971076644796	-2.4197385	-12.1945012	0.99558598
2_V366_Car	469253499	36	SPOC	120	10.67510033	1400.572998046875	0.1579563976737473	8.649380168889598e-138	8.226246352334208	-1.9380426667614925	1.901347600332783	5.973971951554378	Merc	1	0	1	-999.0	-999.0	0	2.2522744007798297	4.282356527213686	2.2096296436907594	-1.63740943	-3.68789535	0.88935399
2_V366_Car	469253499	37	SPOC	120	10.67510033	1537.76611328125	0.0993115584424492	0.0	9.342372763300242	-1.465248100011977	1.733538172720146	5.991185487176033	Merc	1	0	1	-999.0	-999.0	0	3.351187276124209	5.809411067095365	3.964796860714495	-1.66189015	-5.56930512	0.89530641
2_V366_Car	469253499	36	TESS-SPOC	600	10.67510033	1755.8704833984375	0.199427233888583	1.363004852764735e-52	7.873666819249188	-2.0074682253291725	2.2664896756944324	5.987929399439965	Merc	1	0	1	-999.0	-999.0	0	1.8857374198092227	4.274004393068261	2.1290520762127807	-1.80508029	-3.40390746	0.85012525
2_V366_Car	469253499	37	TESS-SPOC	600	10.67510033	1430.0606689453125	0.1171876383778717	0.0	8.456913106232557	-1.423743236772833	2.161367183556493	5.481975382639108	Merc	1	0	1	-999.0	-999.0	0	2.974937723593449	6.429932768899137	4.5162165500246525	-2.02517363	-6.02476544	0.85105497
