Name	TIC_ID	Sector	Author	Exptime	Magnitude	RMS	Max_freq	Max_FAP	log(Alpha)	log(Tau)	Gamma	log(Bias)	Type	TypeColor	bump	lc_q	T-NUV	D(UV)	binarity_filter	A-B	Gamma2	Gamma_Tau	max_slope	max_slope2	CROWDSAP
V*_T_Cru	310883625	11	SPOC	120	5.75699997	10370.263671875	0.1507957193294184	0.0	11.764896710684935	-1.4680332488492058	2.3625493890371927	7.652823754809712	VC2	4.0	0	1	-999.0	-999.0	0	4.112072955875223	9.71497544957937	6.617680803343493	-2.32138163	-9.54569062	0.99450433
V*_T_Cru	310883625	37	SPOC	120	5.75699997	11483.861328125	0.1468282799261734	0.0	12.281211982352374	-1.3156217329610222	2.3254464961879107	7.369234120625938	VC2	4.0	0	1	-999.0	-999.0	0	4.911977861726436	11.422541707904326	8.68223853538511	-2.30922736	-11.34287369	0.99471712
V*_T_Cru	310883625	38	SPOC	120	5.75699997	20054.384765625	0.1460994939647279	0.0	12.598458134082366	-1.4285918227339252	2.6782448104240477	8.403682243576185	VC2	4.0	0	0	-999.0	-999.0	0	4.194775890506181	11.23463675964009	7.86413346405703	-2.63578072	-11.05650942	0.99642599
V*_T_Cru	310883625	64	SPOC	120	5.75699997	15310.5390625	0.1411821147586572	0.0	12.515032433231138	-1.3891441577947452	2.7792182071788774	7.98313895992129	VC2	4.0	0	1	-999.0	-999.0	0	4.531893473309848	12.59512085401785	9.06682059118508	-2.74925062	-12.45931095	0.99206495
V*_T_Cru	310883625	65	SPOC	120	5.75699997	16676.001953125	0.1541934907807915	0.0	12.350536137719049	-1.2308124718547666	2.3596463228342754	6.817357398869837	VC2	4.0	0	0	-999.0	-999.0	0	5.533178738849212	13.056344864710336	10.607907510910367	-2.35158244	-13.01172596	0.99652272
V*_T_Cru	310883625	11	TESS-SPOC	1800	5.75699997	18928.380859375	0.1466677268094042	3.4872992e-316	11.443605444248051	-1.234905635727711	2.997516516339374	8.132375653969197	VC2	4.0	0	1	-999.0	-999.0	0	3.311229790278857	9.925465985755832	8.037428689769406	-2.86792406	-9.49635559	0.99315268
V*_T_Cru	310883625	37	TESS-SPOC	600	5.75699997	31869.359375	0.1521392767843707	0.0	11.435499858344532	-1.211389371395171	2.132148415725139	6.637112597011647	VC2	4.0	0	0	-999.0	-999.0	0	4.798387261332887	10.230873797286604	8.445570052759823	-2.11520809	-10.14958758	0.99316519
V*_T_Cru	310883625	38	TESS-SPOC	600	5.75699997	22119.939453125	0.1480495934374481	0.0	11.399790301920664	-1.1622442826050925	2.0006712990194617	6.813158965977371	VC2	4.0	0	0	-999.0	-999.0	0	4.586631335943293	9.176341673005036	7.8953640042323	-1.98040942	-9.08340791	0.99493837
V*_T_Cru	310883625	64	TESS-SPOC	200	5.75699997	2162.368896484375	0.1486434338315919	0.0	11.254517003981173	-1.3802568567589817	2.3748414882476205	7.335226087893839	VC2	4.0	0	0	-999.0	-999.0	0	3.919290916087333	9.307694672036222	6.743451138429315	-2.32328855	-9.10564371	0.99038661
V*_T_Cru	310883625	65	TESS-SPOC	200	5.75699997	2496.017333984375	0.1490546694189501	0.0	11.197531818330106	-1.377100086161737	2.390740205505494	6.802542619869611	VC2	4.0	0	0	-999.0	-999.0	0	4.394989198460495	10.50727737952187	7.63000270285933	-2.36058851	-10.37476101	0.99560195
HD_75860	29129672	9	SPOC	120	6.72310019	1296.8951416015625	0.0938948304984706	0.0	11.352458788068738	-0.80167139051826	1.8949808319685624	6.064100655204885	VC2	4.0	0	0	-999.0	-999.0	0	5.288358132863853	10.021337294362056	12.500554981615997	-1.88640117	-9.97596495	0.87609065
HD_75860	29129672	8	SPOC	120	6.72310019	1924.5433349609373	0.1437111030577919	0.0	10.899704208041577	-1.2766754026635914	2.6863797980852158	6.098377878266287	VC2	4.0	0	0	-999.0	-999.0	0	4.801326329775288	12.898186056322968	10.102948666053123	-2.66510782	-12.79605234	0.87384391
HD_75860	29129672	9	TESS-SPOC	1800	6.72310019	14435.7802734375	0.1072180028429871	7.195056358014578e-83	10.379412158325842	-1.2292835448271513	3.123492825024608	6.623676141001464	VC2	4.0	0	1	-999.0	-999.0	0	3.755736017324377	11.731014502799187	9.542968790368604	-3.0418253	-11.42429285	0.87499738
HD_75860	29129672	8	TESS-SPOC	1800	6.72310019	6605.3388671875	0.161936078437475	2.902851951256901e-132	10.2299900681818	-1.2230788133764794	2.8419167444381976	6.143935554023259	VC2	4.0	0	1	-999.0	-999.0	0	4.086054514158541	11.612226742474444	9.494258763601074	-2.79090375	-11.40378485	0.87268263
HD_75860	29129672	62	TESS-SPOC	200	6.72310019	2270.25	0.2201835011964598	0.0	11.02557600255622	-1.2041861353164465	2.405816067118949	5.317623721391355	VC2	4.0	0	1	-999.0	-999.0	0	5.707952281164864	13.732283308374688	11.403787924170045	-2.39909082	-13.6938959	0.93211532
CD-53_4543	288095171	11	SPOC	120	8.86200047	624.5582275390625	0.0820514592105166	0.0	8.895077745591967	-1.4450121430484206	2.655169247227237	5.3411059265709815	VC2	4.0	0	1	-999.0	-999.0	0	3.553971819020986	9.436396679376768	6.530323447296155	-2.56789644	-9.12623158	0.95031172
CD-53_4543	288095171	11	TESS-SPOC	1800	8.86200047	978.6978149414062	0.0933349716663601	2.6701953018197483e-63	8.408439080339377	-1.306609352918234	3.2209844533442675	5.080940174031612	VC2	4.0	0	1	-999.0	-999.0	0	3.327498906307765	10.717822245737365	8.202774778704704	-3.08425872	-10.26286752	0.94388855
CD-53_4543	288095171	64	TESS-SPOC	200	8.86200047	747.4404907226562	0.1987950234944183	0.0	8.828226119527216	-1.5725312522962214	2.7439542886745114	5.203426285461081	VC2	4.0	0	0	-999.0	-999.0	0	3.624799834066135	9.946285050272428	6.325015821306439	-2.66071701	-9.64456659	0.94306642
V*_LN_Hya	228758232	10	SPOC	120	6.08620024	3043.903564453125	0.0573341568172797	0.0	10.101865723035456	-1.5199510256127706	2.015131294583639	6.686794411471444	VC2	4.0	0	1	-8.7037998	-4.520203	1	3.415071311564014	6.881817073167437	4.527657113421153	-1.93763481	-6.61716107	0.99945772
V*_LN_Hya	228758232	37	SPOC	120	6.08620024	3044.2783203125	0.1343522115702676	0.0	10.822712053563016	-1.3215597775975256	2.0034333904400574	6.3732388982397765	VC2	4.0	0	1	-8.7037998	-4.520203	1	4.44947315532324	8.914223089241258	6.745228812461663	-1.97969344	-8.80859281	0.99942368
V*_LN_Hya	228758232	64	SPOC	120	6.08620024	4514.04345703125	0.1390126906660435	0.0	10.973414642312804	-1.271988105359226	2.108234877815065	6.914666786101586	VC2	4.0	0	1	-8.7037998	-4.520203	1	4.058747856211218	8.556793790721615	6.727102049672914	-2.0691943	-8.39833794	0.99942738
V*_LN_Hya	228758232	10	TESS-SPOC	1800	6.08620024	1910.1016845703125	0.0951716553039098	4.116873345205231e-109	9.255015967882532	-1.2744486307531293	2.5152794555322884	5.759803046869763	VC2	4.0	0	0	-8.7037998	-4.520203	1	3.4952129210127687	8.791437252934417	6.898228018605316	-2.42692173	-8.48260818	0.99929637
V*_LN_Hya	228758232	37	TESS-SPOC	600	6.08620024	2892.528564453125	0.2840451766750511	7.93407193525706e-92	7.9349390736919965	-2.0742364199544485	2.587405686271921	6.510602803559888	VC2	4.0	0	1	-8.7037998	-4.520203	1	1.424336270132108	3.685335764503156	1.7767192442721107	-1.75948782	-2.50610231	0.99926531
V*_LN_Hya	228758232	64	TESS-SPOC	200	6.08620024	248.79673767089844	0.0564499096425916	3.353164083435673e-265	10.70630224211481	-1.434290626389575	2.3045994515212813	7.114026776628554	VC2	4.0	0	1	-8.7037998	-4.520203	1	3.5922754654862565	8.278756067472983	5.772021315033226	-2.23206515	-8.01819288	0.99925804
HD_194279	13877074	15	SPOC	120	5.83909988	1850.1563720703125	0.1785427181999266	0.0	10.474849918875131	-1.201339676736641	2.137689864573428	6.110522055119647	VC2	4.0	0	1	-999.0	-999.0	0	4.364327863755484	9.3295794400255	7.765979614831899	-2.10976728	-9.20771611	0.93474078
HD_194279	13877074	14	SPOC	120	5.83909988	3141.186279296875	0.0912510799519528	0.0	10.994322727156549	-1.1902024907685815	2.1573898655545323	6.470909841690101	VC2	4.0	0	1	-999.0	-999.0	0	4.5234128854664455	9.758765116824094	8.199247768774457	-2.1339003	-9.65251213	0.93039602
HD_194279	13877074	41	SPOC	120	5.83909988	376.480224609375	0.0921428947368505	0.0	10.406917199559167	-1.0688384603644925	2.3541113654772454	5.115495396750902	VC2	4.0	0	1	-999.0	-999.0	0	5.291421802808266	12.456596205525036	11.654330067124569	-2.3434904	-12.40039617	0.92004073
HD_194279	13877074	82	SPOC	120	5.83909988	782.468017578125	0.1218510388064647	0.0	10.269410360830593	-1.4081700934396952	2.801320544461065	4.795040085400684	VC2	4.0	0	1	-999.0	-999.0	0	5.474370275429909	15.335465920548785	10.890350527960225	-2.7910779	-15.27939387	0.91943061
HD_194279	13877074	75	SPOC	120	5.83909988	437.2413635253906	0.070404378492243	0.0	10.443084300841724	-1.343414706032939	2.278889213459504	5.397726519039114	VC2	4.0	0	0	-999.0	-999.0	0	5.045357781802609	11.497811426993932	8.55864639218265	-2.26525058	-11.42899964	0.94278133
HD_194279	13877074	81	SPOC	120	5.83909988	988.0186157226562	0.1145579954576758	0.0	10.496479945752576	-1.2181194718382764	2.3480448195532198	5.733642909861884	VC2	4.0	0	1	-999.0	-999.0	0	4.762837035890693	11.183354828499352	9.180835777645388	-2.32861301	-11.09080427	0.92530781
HD_194279	13877074	15	TESS-SPOC	1800	5.83909988	3794.753662109375	0.1829417583310564	6.609513778983278e-194	9.925393673639002	-1.242885710884605	3.798202616481875	6.686718856395896	VC2	4.0	0	0	-999.0	-999.0	0	3.2386748172431066	12.301143164786726	9.897244016130474	-3.62003129	-11.72410418	0.93414932
HD_194279	13877074	14	TESS-SPOC	1800	5.83909988	9610.4423828125	0.1475465176350597	1.4507163119004104e-183	10.172862024766625	-1.2300264217778152	2.4728361875411724	6.697749713531393	VC2	4.0	0	1	-999.0	-999.0	0	3.47511231123523	8.593383478992317	6.986340558905958	-2.38397294	-8.28457372	0.92954785
HD_194279	13877074	41	TESS-SPOC	600	5.83909988	2529.195068359375	0.0921862334931471	0.0	9.774068299846814	-1.0160971490581598	2.197967598504121	4.6637220720783255	VC2	4.0	0	0	-999.0	-999.0	0	5.110346227768488	11.2323754257729	11.054430608514556	-2.18575892	-11.16998485	0.91950667
*_l_Pup	126441970	7	SPOC	120	3.69751	260.2841796875	0.1390346204195742	0.0	9.018132016805149	-1.2597691868964995	2.3015120960020727	4.627581665192412	VC2	4.0	0	1	-999.0	-999.0	0	4.390550351612735	10.104904742342862	8.021235038488891	-2.27233797	-9.97681426	0.9939115
*_l_Pup	126441970	34	SPOC	120	3.69751	257.8223876953125	0.0560873173737579	0.0	8.907672519418828	-1.2656729805595577	2.299602532315379	4.514708316851364	VC2	4.0	0	1	-999.0	-999.0	0	4.392964202567463	10.102071604594949	7.981581150708292	-2.27053299	-9.97437015	0.99460119
*_l_Pup	126441970	61	SPOC	120	3.69751	641.3845825195312	0.1210953588431395	0.0	9.037558866817127	-1.7105666736524494	2.4679123330681927	4.11764103783514	VC2	4.0	0	1	-999.0	-999.0	0	4.919917828981987	12.141925887826734	7.098189199431178	-2.45085564	-12.05800836	0.99679452
*_l_Pup	126441970	88	SPOC	20	3.69751	119.8095703125	0.2214467878494428	0.0	9.536616563453888	-1.2733100642886126	2.263841520361985	4.759272010307473	VC2	4.0	0	1	-999.0	-999.0	0	4.777344553146413	10.815150956488024	8.493729265016338	-2.2454156	-10.727124	0.99677718
*_l_Pup	126441970	88	SPOC	120	3.69751	228.10760498046875	0.219655561661192	0.0	8.530500739671545	-1.4035276617773962	2.2490869521783328	4.045634594948318	VC2	4.0	0	1	-999.0	-999.0	0	4.484866144723227	10.086853928363354	7.186786696878911	-2.22349414	-9.97207358	0.99677688
*_l_Pup	126441970	7	TESS-SPOC	1800	3.69751	469.5197143554688	0.1455156190238094	2.1605520207378327e-304	7.865549175426953	-1.2596790913394351	2.915854305278344	4.164538077979226	VC2	4.0	0	1	-999.0	-999.0	0	3.701011097447727	10.79160914237588	8.566951072356854	-2.83472775	-10.49135886	0.99217248
*_l_Pup	126441970	34	TESS-SPOC	600	3.69751	530.6365966796875	0.1724312961079115	0.0	8.075415585675833	-1.266538162452961	2.4824158401594985	4.050620494025187	VC2	4.0	0	1	-999.0	-999.0	0	4.024795091650645	9.991215088909762	7.888601690105673	-2.43463142	-9.79889259	0.99397796
*_l_Pup	126441970	61	TESS-SPOC	200	3.69751	2751.426513671875	0.2934294472284948	2.147337064033394e-216	9.46374866089876	-1.6959551820086474	2.086120261982586	4.548016136314834	VC2	4.0	0	1	-999.0	-999.0	0	4.915732524583925	10.254809222021336	6.04662748804234	-2.07163288	-10.18359315	0.99614912
HD_190603	106111735	14	SPOC	120	5.07929993	1241.2972412109375	0.0763536660049181	0.0	10.414768662930356	-1.360014662854461	2.193333741437622	6.431899358422155	VC2	4.0	0	1	-999.0	-999.0	0	3.9828693045082018	8.735761633314034	6.423284889428338	-2.14904731	-8.55937456	0.9898718
HD_190603	106111735	55	SPOC	120	5.07929993	340.6207275390625	0.2080208473756836	0.0	10.027968362469204	-1.2149547631326023	3.3912654733754293	4.7786249388305855	VC2	4.0	0	1	-999.0	-999.0	0	5.249343423638619	17.80191711047602	14.65232916538892	-3.37520755	-17.71762355	0.99106681
HD_190603	106111735	54	SPOC	120	5.07929993	1087.0115966796875	0.0934060928353189	0.0	10.242377554300631	-1.2105974141770068	2.124471002556381	5.398528079552049	VC2	4.0	0	1	-999.0	-999.0	0	4.843849474748584	10.290617749851329	8.500445837187861	-2.10844917	-10.2130104	0.99088836
HD_190603	106111735	82	SPOC	120	5.07929993	2430.237548828125	0.1759998859030004	0.0	10.011839909113602	-1.3935619900410714	2.382075960195228	6.522630764807218	VC2	4.0	0	1	-999.0	-999.0	0	3.4892091443063844	8.3115612227456	5.964256546994828	-2.29782751	-8.01760075	0.9905048
HD_190603	106111735	75	SPOC	120	5.07929993	817.2901000976562	0.164274887344745	0.0	10.32584229318204	-1.3104562555421448	2.152656143540814	4.746406586274594	VC2	4.0	0	1	-999.0	-999.0	0	5.579435706907447	12.010606551965298	9.1652098276233	-2.14568054	-11.9716866	0.9909761
HD_190603	106111735	74	SPOC	120	5.07929993	1702.467529296875	0.1460476158483547	0.0	10.310319544784466	-1.3794273826563177	2.2062697145505483	5.072066330575606	VC2	4.0	0	1	-999.0	-999.0	0	5.23825321420886	11.556999423656071	8.37811367888112	-2.19568892	-11.50157457	0.99068969
HD_190603	106111735	81	SPOC	120	5.07929993	1577.6668701171875	0.0525844637256856	0.0	10.727983881331127	-1.3997515458336631	2.18994182943282	5.693994132364517	VC2	4.0	0	1	-999.0	-999.0	0	5.033989748966612	11.024144720198004	7.875786780169083	-2.17666339	-10.95730119	0.99080271
HD_190603	106111735	14	TESS-SPOC	1800	5.07929993	2818.045654296875	0.1214001808997082	1.1568521283677303e-161	9.478701688665067	-1.0837698074305118	2.3196714701544607	6.110931857809402	VC2	4.0	0	0	-999.0	-999.0	0	3.367769830855665	7.812119594682801	7.208283106912158	-2.2255737	-7.49521998	0.98794162
HD_190603	106111735	55	TESS-SPOC	600	5.07929993	3038.551513671875	0.2118217803103185	0.0	9.44157869817917	-1.2911724608824469	2.340044854992441	4.513293042874093	VC2	4.0	0	0	-999.0	-999.0	0	4.928285655305077	11.532409491629698	8.931734404982521	-2.32402643	-11.45346612	0.98977655
HD_190603	106111735	54	TESS-SPOC	600	5.07929993	3311.251953125	0.0934555795836982	6.460360368575075e-309	9.772553157280488	-1.1839514810322689	2.025459072969777	5.088531813922269	VC2	4.0	0	0	-999.0	-999.0	0	4.684021343358219	9.487293527888989	8.013245204623725	-2.007112	-9.40135543	0.98939931
