Name TIC_ID Sector Author Exptime Magnitude SlopeB Slope2B BreakpointB
2 328668612 59 TESS-SPOC 200 6.54879999 -2.7877749525903424 -1.4211615752527786 1.8156959210220522
2 328668612 60 TESS-SPOC 200 6.54879999 -1.982995806126566 -1.5695940373557458 2.0
3 336728909 57 TESS-SPOC 200 10.1906004 -1.4449749694172593 -0.14321483052803402 2.0
4 13939217 57 TESS-SPOC 200 7.41699982 -1.635356950224024 -0.07041318469903547 2.0
5 386610785 09 SPOC 120 2.81458998 -2.119771832924631 -1.8522054335347713 2.0
5 386610785 35 SPOC 120 2.81458998 0.30180307483644475 -2.036917212898768 1.7726916359271978
5 386610785 62 SPOC 120 2.81458998 -1.4562714728457715 -0.5822463155221271 2.0
5 386610785 89 SPOC 120 2.81458998 -2.815365923646706 -0.7243906937649375 1.840269798219112
5 386610785 09 TESS-SPOC 1800 2.81458998 -1.9262208468301425 -0.996581769592759 2.0
5 386610785 35 TESS-SPOC 600 2.81458998 -1.8090336272094147 -0.5243615063783104 1.8955610219124963
5 386610785 62 TESS-SPOC 200 2.81458998 -3.3654846044183726 -0.8583339961485466 1.840269798219112
6 230092799 60 TESS-SPOC 200 7.13600016 -2.5068487652300058 -0.7772773696709666 1.8156959210220522
6 230092799 58 TESS-SPOC 200 7.13600016 -3.082730143089623 -1.1202894362125704 1.7972655131242576
6 230092799 57 TESS-SPOC 200 7.13600016 -1.8396444948888486 -1.9508722583339901 1.6989700043360187
6 230092799 56 TESS-SPOC 200 7.13600016 -1.9563646191457131 -1.5829046860337368 2.0
6 230092799 59 TESS-SPOC 200 7.13600016 -2.57818247502712 -1.1841432682307098 1.8218393903213173
7 1219998 05 SPOC 120 9.38539982 -2.902097477541285 -0.2884087610619125 2.0
7 1219998 05 TESS-SPOC 1800 9.38539982 -2.322171960299717 -0.20167203092274463 1.6989700043360187
8 114858879 02 SPOC 120 5.19049978 -0.5253279682897595 -1.5756159218005488 1.7051134736352838
8 114858879 69 SPOC 120 5.19049978 -0.7938754154133356 -1.6194925080269302 1.6989700043360187
8 114858879 02 TESS-SPOC 1800 5.19049978 -1.8756833833287907 -0.8632676785003244 1.9631391842044104
8 114858879 69 TESS-SPOC 200 5.19049978 -0.6865272111430294 -1.0952234625860715 1.6989700043360187
9 24350903 42 SPOC 120 2.4698 -0.557945947446488 -1.9767373399077572 1.7481177587301382
9 24350903 55 SPOC 120 2.4698 -1.253796063880149 -1.7737926971060893 1.7296873508323434
9 24350903 82 SPOC 120 2.4698 -0.9322436523750894 -0.8582699056888455 1.6989700043360187
9 24350903 42 TESS-SPOC 600 2.4698 -2.127194484776765 -0.5225603673182173 2.0
9 24350903 55 TESS-SPOC 600 2.4698 -1.998050098558861 -1.3945234971928708 2.0
10 147795605 60 TESS-SPOC 200 7.70230007 -2.3158167711591724 -1.4743359408016683 1.8279828596205823
11 293340820 42 SPOC 120 2.25740004 -1.0740287363780452 -2.031990581104419 1.8156959210220522
11 293340820 70 SPOC 120 2.25740004 -1.4362338306856643 -1.7740536964338267 1.6989700043360187
11 293340820 42 TESS-SPOC 600 2.25740004 -2.0773244665154897 -1.256820386862293 2.0
11 293340820 70 TESS-SPOC 200 2.25740004 -2.8637657429346333 -1.3134573952818542 1.8095524517227874
12 58872758 70 TESS-SPOC 200 6.60710001 -1.9644463800894456 -1.4850357043691793 2.0
13 310965017 14 SPOC 120 3.85619998 -1.5586253413206035 -1.9154238667150887 1.8279828596205823
13 310965017 21 SPOC 120 3.85619998 -2.4051325486318986 -1.7411805070135145 2.0
13 310965017 47 SPOC 120 3.85619998 -1.998247917735668 -1.7091994857974206 1.8955610219124963
13 310965017 41 SPOC 120 3.85619998 -1.3907617459379393 -1.9175150543316373 1.9447087763066158
13 310965017 75 SPOC 120 3.85619998 -1.691649714072764 -1.0413181953754211 1.9569957149051456
13 310965017 74 SPOC 120 3.85619998 -2.2583399636950734 -1.7558794067556942 1.8464132675183769
13 310965017 14 TESS-SPOC 1800 3.85619998 -2.9548445931691787 0.2530873635582708 1.8525567368176419
13 310965017 21 TESS-SPOC 1800 3.85619998 -0.32321338333888155 0.04668744957574802 1.7788351052264628
13 310965017 41 TESS-SPOC 600 3.85619998 -2.07183533295471 -1.363427639192352 2.0
13 310965017 47 TESS-SPOC 600 3.85619998 -2.001453467092974 -1.4145586852017495 2.0
15 71032449 09 SPOC 120 4.68730021 -1.9512549726707202 -1.4414973405279738 1.7849785745257276
15 71032449 36 SPOC 120 4.68730021 0.25512555620712724 -1.9112310129877066 1.6989700043360187
15 71032449 09 TESS-SPOC 1800 4.68730021 -2.1354904855602648 -0.284329604399534 1.8771306140147015
15 71032449 36 TESS-SPOC 600 4.68730021 -1.9931847594591923 -0.3877430808958013 2.0
16 139121623 01 SPOC 120 3.96799994 -0.5347047443989977 -2.0556105989693925 1.7726916359271978
16 139121623 27 SPOC 120 3.96799994 -1.7857412426883241 -1.0094928605216857 1.7726916359271978
16 139121623 28 SPOC 120 3.96799994 -1.672680640321511 -0.8114192165155516 2.0
16 139121623 68 SPOC 120 3.96799994 -2.481395857426515 -1.605622018553845 1.8648436754161717
16 139121623 01 TESS-SPOC 1800 3.96799994 -0.7372842843746263 -0.5179308063300648 1.8218393903213173
16 139121623 27 TESS-SPOC 600 3.96799994 -1.8861647029673085 -0.41731355698884853 2.0
16 139121623 28 TESS-SPOC 600 3.96799994 -2.0563928521704744 -1.0547998742819125 2.0
16 139121623 68 TESS-SPOC 200 3.96799994 -2.64957341157201 -0.9209039684904846 1.8894175526132313
17 91104738 56 SPOC 120 5.56802988 -1.4932078226252243 -1.9779104244585908 1.9569957149051456
17 91104738 83 SPOC 120 5.56802988 -1.1180207155494781 -1.96660932162669 1.8218393903213173
17 91104738 56 TESS-SPOC 200 5.56802988 -2.046345729810634 -1.7834400709657832 2.0
19 16880539 57 SPOC 120 5.30579996 -2.16367727748889 -0.6994894849821239 2.0
19 16880539 84 SPOC 120 5.30579996 -1.9704508877084876 0.12263239709057154 2.0
19 16880539 57 TESS-SPOC 200 5.30579996 -1.9434464339722766 -0.5525478619549586 2.0
25 49907986 04 TESS-SPOC 1800 10.8373003 -0.48443391414806536 0.08751453295847976 1.766548166627933
25 49907986 31 TESS-SPOC 600 10.8373003 -0.04530776558587228 0.04745066898262292 1.920134899109556
26 267942318 17 SPOC 120 6.78989983 -1.3446381579517535 -1.798640043218557 1.7972655131242576
26 267942318 17 TESS-SPOC 1800 6.78989983 -1.4473076078265967 -0.22411554163915298 1.993856530700735
26 267942318 57 TESS-SPOC 200 6.78989983 -2.177975708439674 -1.483420447049098 1.7788351052264628
27 431603831 57 TESS-SPOC 200 9.59060001 -2.331182871879802 -0.7262080751372606 2.0
29 207205231 04 SPOC 120 3.48300004 -2.203901949971114 -1.3722226850449204 1.9139914298102911
29 207205231 02 SPOC 120 3.48300004 -0.5614098663436797 -2.0360280205572847 1.7911220438249926
29 207205231 03 SPOC 120 3.48300004 -0.6796225981968272 -1.7965564197615183 1.7051134736352838
29 207205231 29 SPOC 120 3.48300004 -1.6283376320589151 -1.4760497854537096 2.0
29 207205231 30 SPOC 120 3.48300004 -2.247208985747333 -1.0074207794651318 2.0
29 207205231 69 SPOC 120 3.48300004 -1.0515091181493348 -1.970310127183409 1.8034089824235224
29 207205231 04 TESS-SPOC 1800 3.48300004 -1.8082830936100711 -0.6703013361943782 1.6989700043360187
29 207205231 02 TESS-SPOC 1800 3.48300004 -1.859683653866701 -0.9853981019497452 1.8832740833139665
29 207205231 03 TESS-SPOC 1800 3.48300004 -1.8582873797986417 -0.720203756389622 2.0
29 207205231 30 TESS-SPOC 600 3.48300004 -2.0376220018810742 -0.8624599308406514 2.0
29 207205231 29 TESS-SPOC 600 3.48300004 -2.0022356892788906 -1.1835242942466178 2.0
29 207205231 69 TESS-SPOC 200 3.48300004 -0.7503321305095473 -1.7049559350970556 1.7112569429345486
31 296974016 63 TESS-SPOC 200 7.92959023 -2.1593624607164212 -0.24350302084411474 2.0
34 388201470 01 SPOC 120 6.6795001 -1.9129677385899446 -1.5659280502148138 2.0
34 388201470 13 SPOC 120 6.6795001 -1.6277233030376348 -0.35288445946256297 2.0
34 388201470 12 SPOC 120 6.6795001 -1.7311133092895974 -0.754018192800785 1.9877130614014702
34 388201470 01 TESS-SPOC 1800 6.6795001 -1.821320769049206 -0.784157023972851 1.9569957149051456
34 388201470 13 TESS-SPOC 1800 6.6795001 -1.4278266240949204 0.5776445474244067 1.920134899109556
34 388201470 12 TESS-SPOC 1800 6.6795001 -2.3235832681911868 0.23531679134191616 1.6989700043360187
34 388201470 67 TESS-SPOC 200 6.6795001 -2.0597672843984247 -0.4183497448780766 2.0
34 388201470 66 TESS-SPOC 200 6.6795001 -2.047801501812917 -1.7180848634023602 2.0
34 388201470 65 TESS-SPOC 200 6.6795001 -1.9116373213649809 -1.2107843897108619 2.0
34 388201470 68 TESS-SPOC 200 6.6795001 -2.1946422263114687 -0.8040555451734012 1.9447087763066158
35 95749776 08 SPOC 120 4.17104006 -1.8357300787601885 -0.4167030269990217 2.0
35 95749776 34 SPOC 120 4.17104006 -0.9387097178658874 -0.810896215139095 2.0
35 95749776 61 SPOC 120 4.17104006 -1.830352060495793 -1.4044598279082423 2.0
35 95749776 88 SPOC 120 4.17104006 -2.815255113161512 -0.8760332578838337 1.7911220438249926
35 95749776 08 TESS-SPOC 1800 4.17104006 -1.896448054354878 -0.4663094514909758 2.0
35 95749776 34 TESS-SPOC 600 4.17104006 -2.179663721945681 -0.1628506963739059 1.9508522456058806
35 95749776 61 TESS-SPOC 200 4.17104006 -1.979868131374275 -0.9742295817362012 2.0
36 397059905 46 SPOC 120 3.62671995 -1.9909094306855104 -1.1147980000748798 1.6989700043360187
36 397059905 46 TESS-SPOC 600 3.62671995 -1.1317382303169632 -1.5905565263640502 2.0
38 264413925 71 TESS-SPOC 200 7.52750015 -1.4507333911427276 -1.4294105069274168 2.0
38 264413925 72 TESS-SPOC 200 7.52750015 -2.227122872752655 -0.7894571695123886 2.0
39 310965252 20 SPOC 120 4.87960005 -0.34174219007778384 -0.3319881881061859 1.6989700043360187
39 310965252 14 SPOC 120 4.87960005 -2.181272609374923 -1.3580116755364116 1.754261228029403
39 310965252 21 SPOC 120 4.87960005 -2.575448177912091 -0.7325221831075387 2.0
39 310965252 47 SPOC 120 4.87960005 -1.9904829584162382 -1.7671873349635083 1.8894175526132313
39 310965252 41 SPOC 120 4.87960005 -1.0298447475188388 -0.7559146300174908 1.754261228029403
39 310965252 40 SPOC 120 4.87960005 -1.6596539883462584 -1.7631905950918056 1.8955610219124963
39 310965252 48 SPOC 120 4.87960005 -1.6917609745657984 -0.7817756383590257 2.0
39 310965252 75 SPOC 120 4.87960005 -2.3422818858691996 -0.957335232264677 1.6989700043360187
39 310965252 74 SPOC 120 4.87960005 -1.5677577201264141 -0.8532720999461032 2.0
39 310965252 14 TESS-SPOC 1800 4.87960005 -2.9397494652002134 0.24710747034242886 1.8525567368176419
39 310965252 20 TESS-SPOC 1800 4.87960005 -2.0488474678242943 0.700279312381456 1.834126328919847
39 310965252 21 TESS-SPOC 1800 4.87960005 0.6735688612022318 -0.29739800953584933 1.760404697328668
39 310965252 40 TESS-SPOC 600 4.87960005 -2.008479116157152 -1.422535612161475 2.0
39 310965252 41 TESS-SPOC 600 4.87960005 -2.0500571388289974 -0.6542804820120123 1.9508522456058806
39 310965252 47 TESS-SPOC 600 4.87960005 -1.784199259865351 -1.0294047895264644 1.9877130614014702
39 310965252 48 TESS-SPOC 600 4.87960005 -1.959476766451059 -0.5193784866310516 1.9815695921022052
42 136887637 05 SPOC 120 4.32999992 -0.7733394334046175 -1.5347159557914984 1.6989700043360187
42 136887637 31 SPOC 120 4.32999992 -1.7723262497667853 -0.6942196731708211 2.0
42 136887637 05 TESS-SPOC 1800 4.32999992 -2.250652133209899 -0.5695529730609254 1.8525567368176419
42 136887637 31 TESS-SPOC 600 4.32999992 -1.2469828559349012 -0.945226077814785 1.9385653070073507
43 9378824 22 SPOC 120 3.2841301 -3.4254243822965296 -0.5139261523225278 2.0
43 9378824 48 SPOC 120 3.2841301 -0.9594807653598618 -1.3051446550713532 1.6989700043360187
43 9378824 22 TESS-SPOC 1800 3.2841301 -0.9675546136390012 -0.4163262045795436 1.7972655131242576
43 9378824 48 TESS-SPOC 600 3.2841301 -2.3072373748997506 -0.011441011500010754 1.6989700043360187
48 319359575 46 SPOC 120 2.78390002 -1.9611333299468114 -1.4912250753487903 2.0
48 319359575 46 TESS-SPOC 600 2.78390002 -2.009276770223368 -1.4003307125970172 2.0
49 94748223 71 SPOC 20 6.22539997 -1.5033597537067218 -1.3917375319341045 1.9078479605110261
49 94748223 72 SPOC 20 6.22539997 -2.1964351932619954 -1.4028600505521749 1.7235438815330784
49 94748223 71 SPOC 120 6.22539997 -1.7299939396699762 -1.006367974311391 1.9385653070073507
49 94748223 72 SPOC 120 6.22539997 -1.700653447671484 -1.2762906987513467 1.7112569429345486
49 94748223 71 TESS-SPOC 200 6.22539997 -1.9192428346534633 -1.231521187136205 1.8525567368176419
49 94748223 72 TESS-SPOC 200 6.22539997 -1.8669236852470064 -1.1132491552745634 1.9078479605110261
51 392486056 19 SPOC 120 2.87968993 -0.6333618080273764 -1.8172264374538902 1.6989700043360187
51 392486056 59 SPOC 120 2.87968993 -1.9241885519454782 -1.391773850938449 2.0
51 392486056 86 SPOC 120 2.87968993 -2.2440401583619116 -1.164172483423181 2.0
51 392486056 19 TESS-SPOC 1800 2.87968993 -1.3021219222874882 -0.35865817705640474 1.8525567368176419
51 392486056 59 TESS-SPOC 200 2.87968993 -2.2082857492560173 -1.498604605085332 1.8955610219124963
92 328936362 60 TESS-SPOC 200 12.32159996 -0.6771598699129769 -0.2185255020520855 2.0
92 328936362 59 TESS-SPOC 200 12.32159996 -2.1903848854887262 -0.8556257852312492 2.0
100 257439320 56 TESS-SPOC 200 11.9222002 -1.4014585432898463 -0.13879539908132948 2.0
108 367069420 57 TESS-SPOC 200 11.45390034 -2.0282451416751024 -0.5561542507830408 2.0
108 367069420 59 TESS-SPOC 200 11.45390034 -1.4036761491766065 -0.32396401814156295 2.0
111 26465548 72 TESS-SPOC 200 11.40060043 -0.7369250239597543 0.019543733369847473 2.0
112 303768976 71 TESS-SPOC 200 11.37839985 -0.8603537091451219 0.03346156322544295 1.920134899109556
114 165664782 64 TESS-SPOC 200 11.28619957 -2.4188667555637533 -0.10893463742117741 1.760404697328668
115 155999551 23 SPOC 120 11.2098999 -0.12286533077043128 -0.0035577087165795875 2.0
115 155999551 24 SPOC 120 11.2098999 -0.06389827486913376 -0.011183256830211997 1.920134899109556
115 155999551 23 TESS-SPOC 1800 11.2098999 -0.1782242801781084 -0.19196952765063804 1.7911220438249926
115 155999551 24 TESS-SPOC 1800 11.2098999 -0.02028456631213757 -0.29622819611825596 2.0
115 155999551 50 TESS-SPOC 600 11.2098999 -0.18448098155385595 0.04354140964645015 1.7911220438249926
115 155999551 51 TESS-SPOC 600 11.2098999 -0.37733820135753354 -0.026113938521932115 1.920134899109556
120 415734103 60 TESS-SPOC 200 11.0546999 -1.826342281099026 -0.10219040700395327 1.8156959210220522
126 379506745 66 TESS-SPOC 200 10.66300011 -1.3475264497760904 -0.04604992329346716 1.8894175526132313
126 379506745 67 TESS-SPOC 200 10.66300011 -1.1270699440383052 -0.12578516899440076 2.0
127 365207304 70 TESS-SPOC 200 10.66049957 -2.0616833254917513 -0.2933263035565836 2.0
127 365207304 71 TESS-SPOC 200 10.66049957 -1.55860718015573 -0.06724190782938358 2.0
128 448741275 63 TESS-SPOC 200 10.65279961 -2.599138453420354 0.06646844256164729 1.8525567368176419
132 2351077 62 TESS-SPOC 200 10.52400017 -4.0668846677965265 -0.5356651345129518 1.766548166627933
137 119668871 66 TESS-SPOC 200 10.34300041 -1.42279619770256 -0.10282610022221823 2.0
139 308083402 62 TESS-SPOC 200 10.30850029 -1.9953492580568202 -0.015291887021138628 1.7112569429345486
139 308083402 69 TESS-SPOC 200 10.30850029 -0.34333518705425725 -0.2336055968434751 1.9078479605110261
139 308083402 65 TESS-SPOC 200 10.30850029 -2.683746995187545 -0.11407962495278376 1.7112569429345486
139 308083402 64 TESS-SPOC 200 10.30850029 -2.813789923273462 -0.113190238690173 1.766548166627933
139 308083402 63 TESS-SPOC 200 10.30850029 -2.286710523032634 -0.08739904730606719 1.8156959210220522
142 91913512 63 TESS-SPOC 200 10.18879986 -1.4621456219204156 -0.09272535346853794 1.9877130614014702
142 91913512 64 TESS-SPOC 200 10.18879986 -3.034206507291921 -0.055436121556296146 1.760404697328668
143 74646293 66 TESS-SPOC 200 10.11559963 -1.88985618671693 -0.3200430405376107 2.0
144 144914450 64 TESS-SPOC 200 10.10099983 -2.965358567639168 -0.051707910921500774 2.0
148 177624958 65 TESS-SPOC 200 9.96510029 -3.1374312387790844 -0.142420703666493 1.7788351052264628
149 387272356 60 TESS-SPOC 200 9.95170021 -1.8849174434843237 -1.1274557308425195 2.0
149 387272356 58 TESS-SPOC 200 9.95170021 -2.0403977945057723 -1.9379428210039815 2.0
154 233045313 60 TESS-SPOC 200 9.83880043 -1.7051394067827206 -0.26869279979071037 2.0
154 233045313 56 TESS-SPOC 200 9.83880043 -2.3265681367101476 -0.3298527860697037 2.0
154 233045313 59 TESS-SPOC 200 9.83880043 -2.0838371553468287 -0.13054503340379375 2.0
155 36695189 70 SPOC 120 9.82139969 -4.105258337608344 -0.9635151623194573 1.760404697328668
155 36695189 70 TESS-SPOC 200 9.82139969 -4.219676328870251 -0.9994704155100871 1.7481177587301382
156 15735094 70 TESS-SPOC 200 9.78843021 -1.3090567670470334 -0.30301056045013586 1.7788351052264628
156 15735094 71 TESS-SPOC 200 9.78843021 -1.1803677832923254 -0.2628674653593153 1.7419742894308732
158 72980626 61 TESS-SPOC 200 9.73649979 -2.0213188485598703 -0.7344193989979395 2.0
160 311111531 66 TESS-SPOC 200 9.66409969 -1.2452114050309246 -0.08133746585248841 1.9631391842044104
162 31233320 67 SPOC 120 9.63300037 -2.1841662845861443 -0.12976884696686933 1.9569957149051456
162 31233320 67 TESS-SPOC 200 9.63300037 -2.957204537799768 -0.15269211365498625 1.7849785745257276
165 4385592 60 TESS-SPOC 200 9.50819969 -1.4872755888093552 -1.7371962653654802 1.6989700043360187
165 4385592 71 TESS-SPOC 200 9.50819969 -2.8175447514806597 -1.4455640050235499 1.8218393903213173
165 4385592 72 TESS-SPOC 200 9.50819969 -2.119908248158703 -0.7242196803662603 1.993856530700735
167 5574643 63 TESS-SPOC 200 9.46249962 -3.423775067177646 -0.11302022895501339 1.6989700043360187
168 277595145 67 TESS-SPOC 200 9.42020035 -4.227656240556391 -0.2472344178270203 1.7419742894308732
169 142987946 63 TESS-SPOC 200 9.41250038 -1.7242760749050903 -1.3949834370537804 1.6989700043360187
170 72406617 72 TESS-SPOC 200 9.38809967 -1.7368526268777575 -0.15263609047214757 2.0
171 25118602 65 TESS-SPOC 200 9.3743 -2.3634255677206086 -0.5702941523186812 1.8709871447154367
171 25118602 66 TESS-SPOC 200 9.3743 -1.9131878585933206 -0.4913012727175694 2.0
171 25118602 68 TESS-SPOC 200 9.3743 -2.6909285648508416 -0.46102346854567927 1.840269798219112
171 25118602 64 TESS-SPOC 200 9.3743 -2.5079494917046024 -0.4773440395414177 1.834126328919847
171 25118602 67 TESS-SPOC 200 9.3743 -3.913312122401739 -0.351344040040066 1.7481177587301382
171 25118602 62 TESS-SPOC 200 9.3743 -2.0151748082676124 -0.3418065036838459 2.0
171 25118602 61 TESS-SPOC 200 9.3743 -1.2806038381197309 -0.5204511890890976 2.0
171 25118602 63 TESS-SPOC 200 9.3743 -2.792935653718544 -0.49748565315601895 1.8156959210220522
172 306983642 66 TESS-SPOC 200 9.3611002 -1.6292440961618702 -0.26528872314944735 2.0
173 47381029 69 TESS-SPOC 200 9.33720016 -1.264409312799819 -0.17005584220619183 2.0
176 464617913 66 TESS-SPOC 200 9.28880024 -3.175716403403252 -0.09638205377769585 1.8279828596205823
176 464617913 67 TESS-SPOC 200 9.28880024 -1.9108788872171962 -0.1546883110940697 2.0
177 380542758 72 TESS-SPOC 200 9.28069973 -2.772054022240694 -0.05318893435772255 1.920134899109556
178 142785775 60 TESS-SPOC 200 9.27180004 -1.6867814900591618 -0.9718129042481847 2.0
179 9042889 59 TESS-SPOC 200 9.26169968 -0.7045232465628858 -0.06737016029770944 1.920134899109556
181 24801020 62 TESS-SPOC 200 9.25199986 -2.260223796731838 -0.4254333702811827 1.9631391842044104
185 21542223 48 SPOC 120 9.18060017 -2.156378879441406 -0.019898573118570025 2.0
185 21542223 48 TESS-SPOC 600 9.18060017 -2.228062291733093 -0.06419087004601005 2.0
186 9788469 69 TESS-SPOC 200 9.17029953 -1.1474545899536202 -1.7392414884677465 1.7481177587301382
186 9788469 70 TESS-SPOC 200 9.17029953 -2.0713980730786252 -1.9383180808540008 2.0
187 149496234 72 TESS-SPOC 200 9.14400005 -2.8004969927008716 -0.20065028717607938 2.0
188 386890213 72 TESS-SPOC 200 9.14190006 -1.5329345351408348 -0.17867057258639074 2.0
189 58227898 70 TESS-SPOC 200 9.13980007 -3.187739302064212 -0.7415716805407564 1.8034089824235224
189 58227898 71 TESS-SPOC 200 9.13980007 -1.9861836534197967 -1.3870910607490086 2.0
190 47177223 62 TESS-SPOC 200 9.07730007 -1.9793060922506043 -1.2898600757094778 2.0
191 159241821 60 TESS-SPOC 200 9.06060028 -3.878711682911987 -0.04112353014651796 1.7419742894308732
191 159241821 59 TESS-SPOC 200 9.06060028 -3.5107708978212306 -0.027159651040619088 1.766548166627933
192 382415835 69 TESS-SPOC 200 9.05130005 -2.8270771137769897 -0.20322435445628517 2.0
194 88784758 65 TESS-SPOC 200 9.0255003 -1.6565801379722676 -0.22020947195916277 2.0
195 425863843 68 TESS-SPOC 200 8.97840023 -1.564621477003562 -1.9049538349144344 1.6989700043360187
195 425863843 69 TESS-SPOC 200 8.97840023 -2.034281139804416 -1.9250826084804211 1.9877130614014702
196 357475953 50 SPOC 120 8.9406004 -2.472261247347597 -0.012410304407723036 2.0
196 357475953 51 SPOC 120 8.9406004 -3.185081553260973 -0.19661404548400999 1.8894175526132313
196 357475953 77 SPOC 120 8.9406004 -3.705521801010561 -0.05736415192477986 1.8464132675183769
196 357475953 78 SPOC 120 8.9406004 -3.330998911878694 -0.08422491941840621 1.8832740833139665
196 357475953 50 TESS-SPOC 600 8.9406004 -3.0272175397347376 -0.1456899373950591 1.8894175526132313
196 357475953 51 TESS-SPOC 600 8.9406004 -3.056513020475021 -0.15308562066874082 1.9017044912117613
199 202509423 57 TESS-SPOC 200 8.90670013 -1.968082656216568 -0.6490096412740921 2.0
200 6860178 71 TESS-SPOC 200 8.90460014 -2.6479503680571743 -1.4577925624000485 1.8095524517227874
200 6860178 72 TESS-SPOC 200 8.90460014 -2.661338759270504 -1.8063078295074575 1.7174004122338136
203 129077819 27 SPOC 120 8.84469986 0.35659462186258906 -1.9229871617861358 1.766548166627933
203 129077819 27 TESS-SPOC 600 8.84469986 -2.039259741367907 -1.2882234316140482 2.0
203 129077819 67 TESS-SPOC 200 8.84469986 -1.7255893794527117 -0.46940397194372074 1.9877130614014702
204 401603284 67 TESS-SPOC 200 8.80210018 -3.6058810297208432 -0.8289387960880894 1.8095524517227874
206 440729765 70 TESS-SPOC 200 8.74450016 -2.4973198626073634 -1.579412256940748 1.8156959210220522
206 440729765 71 TESS-SPOC 200 8.74450016 -2.482255639022311 -1.039044945141933 1.840269798219112
208 219850271 60 TESS-SPOC 200 8.71829987 -2.576065317663956 -0.7752281119037714 1.8156959210220522
208 219850271 58 TESS-SPOC 200 8.71829987 -1.4326712534958326 -1.9281122164021094 2.0
208 219850271 57 TESS-SPOC 200 8.71829987 -0.15633247569635186 -1.9706711691589258 1.6989700043360187
208 219850271 56 TESS-SPOC 200 8.71829987 -1.9526023328354518 -1.9318271233269868 2.0
208 219850271 59 TESS-SPOC 200 8.71829987 -2.4644082537455647 -1.2139519724396828 1.8218393903213173
209 312988542 60 TESS-SPOC 200 8.71020031 -2.58331264869035 0.0051151972076752105 2.0
210 71226825 61 TESS-SPOC 200 8.70259953 -3.1449320979397006 -0.8327631118238671 1.8156959210220522
212 21222271 72 TESS-SPOC 200 8.63129997 -2.755856239339907 -1.78957668045947 1.7112569429345486
214 92653030 68 TESS-SPOC 200 8.61240005 -2.5328007890108695 -1.166167787802358 1.8771306140147015
215 165559578 63 TESS-SPOC 200 8.59939957 -3.0750082008366895 -1.8336203655918881 1.7112569429345486
215 165559578 64 TESS-SPOC 200 8.59939957 -1.2374127898236373 -1.8586031437448398 1.6989700043360187
216 176873464 61 TESS-SPOC 200 8.59899998 -3.1539627220141697 -0.0008298271648947192 2.0
216 176873464 62 TESS-SPOC 200 8.59899998 -3.0781930575073386 -0.01639963069419183 1.9815695921022052
216 176873464 63 TESS-SPOC 200 8.59899998 -3.510773091636821 -0.03654574596269837 1.9508522456058806
216 176873464 64 TESS-SPOC 200 8.59899998 -2.9892830818498717 -0.11277045447933076 1.9754261228029404
216 176873464 68 TESS-SPOC 200 8.59899998 -3.373394957061156 -0.003050412498155342 1.9877130614014702
216 176873464 67 TESS-SPOC 200 8.59899998 -3.3629102173121597 0.0026417964442023933 2.0
216 176873464 66 TESS-SPOC 200 8.59899998 -3.0031103893927127 -0.025254376256032107 2.0
219 453444580 21 SPOC 120 8.53040028 -2.164512155915544 -0.20023791036869804 2.0
219 453444580 48 SPOC 120 8.53040028 -1.484336014043195 -0.23392476689281613 2.0
219 453444580 74 SPOC 120 8.53040028 -2.2095808494502367 -0.23397027993142705 2.0
219 453444580 75 SPOC 120 8.53040028 -1.9474955519940276 -0.255711334763584 2.0
219 453444580 21 TESS-SPOC 1800 8.53040028 0.18928978174884625 -0.2886290089119376 1.8095524517227874
219 453444580 48 TESS-SPOC 600 8.53040028 -2.005515588976866 -0.6946205959784472 2.0
221 166555111 21 SPOC 120 8.45230007 -2.793612956846188 -0.09958628557194697 1.9631391842044104
221 166555111 21 TESS-SPOC 1800 8.45230007 -2.756547582298182 -0.5727897996371807 1.7051134736352838
222 406278478 67 TESS-SPOC 200 8.44909954 -2.007836342064996 -1.1504318676784262 2.0
225 75463292 66 TESS-SPOC 200 8.36709976 -1.8531491531932005 -1.7098135243706414 2.0
227 233829187 56 TESS-SPOC 200 8.35820007 -1.878160065836297 -0.20621939427661548 2.0
227 233829187 57 TESS-SPOC 200 8.35820007 -1.9731707579728812 -0.14414445224401534 1.858700206116907
230 204374656 69 TESS-SPOC 200 8.27400017 -3.57344008088627 -0.2277812499233029 1.8034089824235224
231 264248402 60 TESS-SPOC 200 8.27079964 -2.4910435417448706 -0.7841143628762728 1.8218393903213173
231 264248402 58 TESS-SPOC 200 8.27079964 -1.397323273599318 -1.9250608960840878 2.0
231 264248402 57 TESS-SPOC 200 8.27079964 -1.2569475888234414 -1.9251576904142722 2.0
231 264248402 56 TESS-SPOC 200 8.27079964 -1.6265548085404296 -0.07986587750434518 1.9017044912117613
231 264248402 59 TESS-SPOC 200 8.27079964 -2.7690386479861444 -1.2580939465470344 1.8218393903213173
232 397514892 26 SPOC 120 8.25380039 -2.3724442719803007 -0.12058322231814718 2.0
232 397514892 58 SPOC 120 8.25380039 -2.196856816385787 -0.14665480454131785 2.0
232 397514892 78 SPOC 120 8.25380039 -1.7112621837256776 -0.23249766363685626 2.0
232 397514892 26 TESS-SPOC 1800 8.25380039 -1.5456245849945462 0.3070491973868303 1.9324218377080857
232 397514892 60 TESS-SPOC 200 8.25380039 -1.549209141481898 -0.3163432363334107 2.0
232 397514892 59 TESS-SPOC 200 8.25380039 -2.2917096700877573 -1.1147105133856212 1.8095524517227874
232 397514892 58 TESS-SPOC 200 8.25380039 -2.9869787568650077 -1.1421541076463348 1.8279828596205823
233 229184037 64 TESS-SPOC 200 8.15649986 -1.6176250498506175 -1.7001170329605373 2.0
235 120504920 69 TESS-SPOC 200 8.14080048 -1.938096823875615 -0.6527958501562047 2.0
237 79225050 67 TESS-SPOC 200 8.11240005 -2.7787304135623163 -0.49576820462160176 1.834126328919847
238 231074988 67 TESS-SPOC 200 7.98839998 -3.028333285526023 -0.13363840549705 1.926278368408821
238 231074988 69 TESS-SPOC 200 7.98839998 -3.026525781845506 -0.07344603379120311 1.9139914298102911
238 231074988 66 TESS-SPOC 200 7.98839998 -3.3250781961636964 -0.12089035244183638 1.926278368408821
238 231074988 65 TESS-SPOC 200 7.98839998 -2.7414023544476884 -0.061142143087590944 1.9877130614014702
238 231074988 68 TESS-SPOC 200 7.98839998 -2.7760600714368744 -0.09096554563680438 1.993856530700735
238 231074988 63 TESS-SPOC 200 7.98839998 -3.5444688625789316 0.007934042833874404 1.9508522456058806
238 231074988 62 TESS-SPOC 200 7.98839998 -3.179104124487008 -0.05531707203038576 1.9754261228029404
238 231074988 61 TESS-SPOC 200 7.98839998 -3.4260931007137456 -0.46825940897615587 1.6989700043360187
238 231074988 64 TESS-SPOC 200 7.98839998 -2.9885419923837584 -0.0721420313183945 1.9447087763066158
241 381370719 70 TESS-SPOC 200 7.96000004 -2.3386603573427855 -1.505517314109869 1.7911220438249926
241 381370719 71 TESS-SPOC 200 7.96000004 -1.9957252818646134 -1.5759884319893862 1.9324218377080857
246 232628114 60 TESS-SPOC 200 7.88859987 -2.354121595558776 -1.1399047270959406 1.8648436754161717
246 232628114 58 TESS-SPOC 200 7.88859987 -1.3651680074582275 -1.7595549229536105 2.0
246 232628114 57 TESS-SPOC 200 7.88859987 -1.5966297813716692 -1.5914418421851362 2.0
246 232628114 56 TESS-SPOC 200 7.88859987 -1.5355414458369268 -0.3054235942175947 2.0
246 232628114 59 TESS-SPOC 200 7.88859987 -1.292248927401754 -1.3638970635472123 2.0
247 129684571 57 TESS-SPOC 200 7.88759995 -1.3954298131094016 0.07527190046130622 1.8894175526132313
250 374202329 56 TESS-SPOC 200 7.83370018 -3.5588837818970407 -0.990928510833107 1.7849785745257276
250 374202329 57 TESS-SPOC 200 7.83370018 -1.5497535292109337 -1.27080772742976 2.0
253 370204006 67 TESS-SPOC 200 7.74090004 -1.795039569805489 -1.5338611650143672 2.0
255 274578622 57 TESS-SPOC 200 7.72219992 -1.3986490137161542 -1.9224464576773235 1.6989700043360187
256 422989548 17 SPOC 120 7.69229984 -1.6057538246330505 -0.11376867827040196 2.0
256 422989548 20 SPOC 120 7.69229984 -0.22657979087681127 -1.5320700404408725 1.8279828596205823
256 422989548 26 SPOC 120 7.69229984 -2.642065115861371 -1.7961188139483404 1.8034089824235224
256 422989548 25 SPOC 120 7.69229984 -2.9670439979901495 -1.0652193094858724 1.6989700043360187
256 422989548 23 SPOC 120 7.69229984 -1.0641975907870993 -1.5558914386171623 1.6989700043360187
256 422989548 24 SPOC 120 7.69229984 -2.4031697883772223 -1.5503207331338795 1.6989700043360187
256 422989548 21 SPOC 120 7.69229984 -2.231201844422992 -1.5745109313908905 2.0
256 422989548 17 TESS-SPOC 1800 7.69229984 -1.3864040249315623 0.17717150093084938 1.9017044912117613
256 422989548 20 TESS-SPOC 1800 7.69229984 -1.9580346804415532 0.08414802199487949 1.7911220438249926
256 422989548 26 TESS-SPOC 1800 7.69229984 -3.7114734833134295 2.467223970019803 1.9385653070073507
256 422989548 25 TESS-SPOC 1800 7.69229984 -1.7052445078797074 -0.8152683559824339 2.0
256 422989548 24 TESS-SPOC 1800 7.69229984 -2.078127680448799 -0.832970995120318 2.0
256 422989548 23 TESS-SPOC 1800 7.69229984 -1.363629975207332 0.015157074098117274 1.9447087763066158
256 422989548 21 TESS-SPOC 1800 7.69229984 -1.566879214014085 -0.8262598430950575 2.0
256 422989548 60 TESS-SPOC 200 7.69229984 -1.7371974097918956 -1.752279330853937 2.0
256 422989548 59 TESS-SPOC 200 7.69229984 -2.581979555310569 -1.2582751743015401 1.8218393903213173
256 422989548 58 TESS-SPOC 200 7.69229984 -2.3139521323804524 -1.2629193249036572 1.8279828596205823
256 422989548 56 TESS-SPOC 200 7.69229984 -1.7966683314264011 -1.907485627389341 2.0
256 422989548 57 TESS-SPOC 200 7.69229984 -1.5667050693442268 -1.935512074472966 1.6989700043360187
257 254091160 67 TESS-SPOC 200 7.68419981 -1.9845931749193944 -1.8510430961466333 2.0
258 455204108 61 TESS-SPOC 200 7.68179989 -1.877018913478246 -0.494874195682628 1.8709871447154367
261 451568818 66 TESS-SPOC 200 7.62960005 -2.022296503033387 -1.9252337750794148 2.0
261 451568818 67 TESS-SPOC 200 7.62960005 -2.1668012052522654 -0.6120220419717759 2.0
263 14445782 71 TESS-SPOC 200 7.58309984 -2.6754695344251793 -1.2398525284826196 1.8279828596205823
263 14445782 72 TESS-SPOC 200 7.58309984 -2.49758177543778 -1.0214612557574558 1.8464132675183769
264 188241000 63 TESS-SPOC 200 7.52650023 -3.4669193486401957 -1.3516443702925944 1.7911220438249926
265 137805888 69 TESS-SPOC 200 7.52470016 -1.5970593737914656 -1.9817471339919825 1.7174004122338136
269 194204295 57 TESS-SPOC 200 7.44220018 -0.6867661771800262 -1.9698591656622717 1.6989700043360187
270 408411255 70 TESS-SPOC 200 7.43410015 -3.4910550589820617 -0.29621200151406923 2.0
272 303951100 67 TESS-SPOC 200 7.32789993 -2.2375989435027703 -1.7129629939939677 2.0
272 303951100 68 TESS-SPOC 200 7.32789993 -2.2266862438561073 -0.8466219898436874 1.9508522456058806
273 248344767 70 TESS-SPOC 200 7.30579996 -2.366641138104251 -1.9495553927756604 1.6989700043360187
274 38570471 62 TESS-SPOC 200 7.23880005 -2.387229076091355 -1.0720182338044622 1.8525567368176419
277 316417053 41 SPOC 120 7.13009977 -1.5461116647748205 -1.967889389979473 2.0
277 316417053 49 SPOC 120 7.13009977 -0.735845530226937 -2.0455921938584485 1.8218393903213173
277 316417053 48 SPOC 120 7.13009977 -2.0492364888983077 -1.191448751477517 2.0
277 316417053 76 SPOC 120 7.13009977 -2.128001908284678 -1.846001613697842 1.7726916359271978
277 316417053 75 SPOC 120 7.13009977 -1.8381614263021289 -1.2205088887930908 1.8648436754161717
277 316417053 41 TESS-SPOC 600 7.13009977 -2.527719580047207 -0.7241702351743953 1.9877130614014702
277 316417053 49 TESS-SPOC 600 7.13009977 -1.8320079960147533 -1.1235604245994557 1.8525567368176419
277 316417053 48 TESS-SPOC 600 7.13009977 -2.0038033832583184 -1.3987245177394445 2.0
278 452980210 61 TESS-SPOC 200 7.12459993 -1.0792597009312563 -0.8146717561591463 2.0
280 265304533 61 TESS-SPOC 200 7.10020018 -2.719312039498343 -0.7250555719200171 1.8218393903213173
281 344220905 56 TESS-SPOC 200 7.07840014 -1.9466300224752215 -1.6591676985700738 1.6989700043360187
282 327010620 58 TESS-SPOC 200 7.07630014 -1.7243731849297803 -1.9476241557958844 1.6989700043360187
284 290663195 67 TESS-SPOC 200 7.05959988 -2.9730877273752143 -0.5784958835416675 1.8218393903213173
287 140639569 59 TESS-SPOC 200 7.02530003 -2.7729703369415755 -1.4274680685892858 1.8156959210220522
288 344283003 70 TESS-SPOC 200 6.88969994 -2.416933188084743 -1.9513017433759938 1.6989700043360187
290 458581443 07 SPOC 120 6.86289978 -1.6162392602348563 -0.16084772514783754 2.0
290 458581443 46 SPOC 120 6.86289978 -1.6232418387197045 -1.131069589592552 2.0
290 458581443 45 SPOC 120 6.86289978 -1.9801982487847671 -1.4902598377077132 2.0
290 458581443 44 SPOC 120 6.86289978 -1.5822284987858084 -0.8888036536313494 1.6989700043360187
290 458581443 34 SPOC 120 6.86289978 -1.9000649021117368 -0.791241156502665 2.0
290 458581443 71 SPOC 120 6.86289978 -1.0822483453358647 -1.5741908004299707 1.7296873508323434
290 458581443 61 SPOC 120 6.86289978 -0.4673370229153604 -1.8266107341269824 1.7296873508323434
290 458581443 72 SPOC 120 6.86289978 -2.6647340003420616 -1.7925433359234355 1.7296873508323434
290 458581443 88 SPOC 120 6.86289978 -1.0503406979020662 -1.298297857540332 1.7051134736352838
290 458581443 07 TESS-SPOC 1800 6.86289978 -1.2066879119457412 -0.042018660249974554 2.0
290 458581443 46 TESS-SPOC 600 6.86289978 -2.0448672856494676 -0.7935940447372722 2.0
290 458581443 44 TESS-SPOC 600 6.86289978 -1.9210472418282847 -0.9828940545412316 1.858700206116907
290 458581443 45 TESS-SPOC 600 6.86289978 -2.040558278142388 -1.0927890946734138 2.0
290 458581443 34 TESS-SPOC 600 6.86289978 -1.9966459921391153 -0.9912701571385041 2.0
290 458581443 61 TESS-SPOC 200 6.86289978 -2.7939627189865375 -1.06988281961656 1.840269798219112
290 458581443 71 TESS-SPOC 200 6.86289978 -2.3721269329772317 -1.4468189976103185 1.8095524517227874
290 458581443 72 TESS-SPOC 200 6.86289978 -1.8754890129411204 -0.6192206893997951 1.8771306140147015
293 35260243 72 TESS-SPOC 200 6.83979988 -1.8141045468360084 -0.6467597631214108 2.0
294 78152264 62 TESS-SPOC 200 6.81029987 -1.299713454134306 -1.9460344778031629 2.0
297 25472862 57 TESS-SPOC 200 6.66149998 -1.6696882299780227 -1.2448141688078882 2.0
299 285004409 72 TESS-SPOC 200 6.63399982 -2.7731167036562496 -1.7756169145825613 1.7235438815330784
302 55487092 60 TESS-SPOC 200 6.54279995 -2.5915574148059193 -0.7452426489445038 1.8095524517227874
304 13816382 61 TESS-SPOC 200 6.48269987 -3.1772136309628274 -0.8887570785844253 1.760404697328668
305 300662518 67 TESS-SPOC 200 6.38999987 -2.9201751288431215 -0.5782242920818061 1.8279828596205823
306 231062839 69 TESS-SPOC 200 6.33839989 -1.0054771434724001 -1.8309418967064788 1.766548166627933
308 354209282 56 TESS-SPOC 200 6.14870024 -1.911735719924776 -1.930704974403738 1.6989700043360187
309 144002280 68 TESS-SPOC 200 6.13899994 -2.5158688709419774 -1.5194494510815333 1.9017044912117613
311 219395372 06 SPOC 120 6.1157999 -0.9804066933005058 -1.6398938987018212 1.8218393903213173
311 219395372 04 SPOC 120 6.1157999 -1.1521993740944634 -1.5755890561982036 1.6989700043360187
311 219395372 05 SPOC 120 6.1157999 -1.590539608902102 -1.2344182841020188 2.0
311 219395372 05 TESS-SPOC 1800 6.1157999 -0.6694276898253275 -0.5191442467584767 2.0
311 219395372 06 TESS-SPOC 1800 6.1157999 -0.8900430922118536 -0.8564577146888729 1.8648436754161717
311 219395372 04 TESS-SPOC 1800 6.1157999 -1.7081277693128205 -1.0525916283482646 1.8034089824235224
312 73569673 58 SPOC 120 5.95090008 -1.803644281149914 -1.0159884730677113 1.7174004122338136
312 73569673 85 SPOC 20 5.95090008 -2.0147888140189605 -1.820040505825696 1.9139914298102911
312 73569673 85 SPOC 120 5.95090008 -1.7162949407667487 -1.7505941260103843 1.9078479605110261
312 73569673 58 TESS-SPOC 200 5.95090008 -1.212583996877713 -0.854868581991742 2.0
313 18692866 20 SPOC 120 5.829 -0.6151944099349679 -0.1419118745718316 2.0
313 18692866 47 SPOC 120 5.829 -2.1772939029131346 -1.9843405478774445 2.0
313 18692866 60 SPOC 120 5.829 1.1532464892949903 -2.0975156767801333 1.7481177587301382
313 18692866 20 TESS-SPOC 1800 5.829 -2.6458167544461366 0.3229278481712492 1.858700206116907
313 18692866 47 TESS-SPOC 600 5.829 -1.982015986511958 -1.4288425385974564 2.0
313 18692866 60 TESS-SPOC 200 5.829 -1.7827734992171558 -1.3228487684532424 2.0
314 117927634 57 SPOC 120 5.80039978 0.8077395125803968 -2.072243312262496 1.840269798219112
314 117927634 84 SPOC 20 5.80039978 -2.2996280622652066 -0.5474865276648789 2.0
314 117927634 84 SPOC 120 5.80039978 -0.3086324265629727 -2.040323803182667 1.8464132675183769
314 117927634 57 TESS-SPOC 200 5.80039978 0.3564796430351632 -2.009422295963871 1.6989700043360187
315 147407408 28 SPOC 120 5.71369982 -2.3097011416856574 -1.3078936216705563 1.7419742894308732
315 147407408 68 SPOC 120 5.71369982 -1.9553008213021121 -1.9871476256133402 2.0
315 147407408 28 TESS-SPOC 600 5.71369982 -2.1344657392003814 -0.7284354672584208 1.9631391842044104
315 147407408 68 TESS-SPOC 200 5.71369982 -2.4175266715559167 -1.0180725914044824 1.8894175526132313
316 410417579 13 SPOC 120 5.6500001 -2.087800749585321 -0.4388114113528358 1.9692826535036754
316 410417579 12 SPOC 120 5.6500001 -1.7323564945964094 -0.7102654503849102 1.9754261228029404
316 410417579 27 SPOC 120 5.6500001 -1.7916217024880325 -1.756530692273194 1.6989700043360187
316 410417579 39 SPOC 120 5.6500001 -2.4223265479701985 -1.6413111342373548 2.0
316 410417579 67 SPOC 120 5.6500001 -2.1136110249394 -0.8704219422592047 2.0
316 410417579 65 SPOC 120 5.6500001 -1.4019977042056688 -1.9740546252988873 1.858700206116907
316 410417579 66 SPOC 120 5.6500001 -1.7899049242923741 -0.6246590403844318 2.0
316 410417579 12 TESS-SPOC 1800 5.6500001 -2.559537150793432 0.28104849627688505 1.6989700043360187
316 410417579 13 TESS-SPOC 1800 5.6500001 -1.1499796908417925 0.22686840492504845 1.9385653070073507
316 410417579 27 TESS-SPOC 600 5.6500001 -2.029996313203133 -1.208652882470993 2.0
316 410417579 39 TESS-SPOC 600 5.6500001 -1.992229257239424 -1.421864843575485 2.0
316 410417579 65 TESS-SPOC 200 5.6500001 -1.5644824646332425 -1.6833913518780192 2.0
316 410417579 66 TESS-SPOC 200 5.6500001 -2.6418443562621925 -0.880131382333968 1.9078479605110261
316 410417579 67 TESS-SPOC 200 5.6500001 -2.1389986980170166 -1.7059456594365023 1.9877130614014702
317 257658027 05 SPOC 120 5.63880014 -2.033657748995991 -1.502354475605922 2.0
317 257658027 31 SPOC 120 5.63880014 -1.3459241254654914 -1.1998599547456126 1.766548166627933
317 257658027 32 SPOC 120 5.63880014 -0.4852935777109761 -1.4120031865157003 1.6989700043360187
317 257658027 05 TESS-SPOC 1800 5.63880014 -0.8249218788861822 -0.578431966486926 2.0
317 257658027 31 TESS-SPOC 600 5.63880014 -1.8770104397819156 -1.0119324505136547 1.7849785745257276
317 257658027 32 TESS-SPOC 600 5.63880014 -1.952489020952414 -0.3791576150718878 2.0
318 150694605 56 SPOC 120 5.6315999 -0.26863817010370744 -1.9653037869859207 1.8648436754161717
318 150694605 83 SPOC 120 5.6315999 -1.122131029059734 -1.921832302640011 1.8156959210220522
318 150694605 56 TESS-SPOC 200 5.6315999 -1.742853435595476 -1.8853532975968383 2.0
319 399118541 23 SPOC 120 5.58939981 -2.1127204750239694 -0.4503915318258708 1.9692826535036754
319 399118541 46 SPOC 120 5.58939981 -1.8772213010136127 -1.484447022049205 2.0
319 399118541 23 TESS-SPOC 1800 5.58939981 -1.6346062218330455 0.14521826786693795 1.6989700043360187
319 399118541 46 TESS-SPOC 600 5.58939981 -1.802552436243227 -1.2254284455285198 2.0
320 139552896 05 SPOC 120 5.56519985 -0.49003502225009166 -2.0180620211844187 1.7726916359271978
320 139552896 32 SPOC 120 5.56519985 -0.020914330727443503 -1.5329033668816043 1.6989700043360187
320 139552896 05 TESS-SPOC 1800 5.56519985 -1.4050325045326666 -0.8005326000057205 1.8894175526132313
320 139552896 32 TESS-SPOC 600 5.56519985 -2.0504652123328997 -0.8721385202197719 2.0
321 369660125 57 SPOC 120 5.54047012 -1.3459265318781828 -1.9691017818712964 1.9754261228029404
321 369660125 84 SPOC 20 5.54047012 -1.9407637983575077 -1.6733262518291636 2.0
321 369660125 84 SPOC 120 5.54047012 -1.7320739163126198 -0.44622043579506543 2.0
321 369660125 57 TESS-SPOC 200 5.54047012 -0.36460290872836476 -1.973216522877224 1.6989700043360187
322 356257320 38 SPOC 120 5.51060009 -1.8834784004979745 -0.6068506086726406 2.0
322 356257320 39 SPOC 120 5.51060009 -2.1155070951312256 -1.5474435998799103 2.0
322 356257320 65 SPOC 120 5.51060009 -1.3243408642290901 -1.7851941221141958 1.9078479605110261
322 356257320 66 SPOC 120 5.51060009 -1.6947780992312185 -1.841630047888378 1.6989700043360187
322 356257320 38 TESS-SPOC 600 5.51060009 -2.014066005985715 -0.45904635798020654 2.0
322 356257320 39 TESS-SPOC 600 5.51060009 -1.9982849423881233 -1.2497859100075097 2.0
322 356257320 65 TESS-SPOC 200 5.51060009 -1.8234409476313929 -1.5154251359630628 2.0
322 356257320 66 TESS-SPOC 200 5.51060009 -2.329777661020785 -0.8385014929669672 1.9078479605110261
323 142591515 20 SPOC 120 5.42710018 -1.1304909740932778 -0.17013702335758063 2.0
323 142591515 14 SPOC 120 5.42710018 -2.436577906791191 -1.07023680805414 2.0
323 142591515 21 SPOC 120 5.42710018 -1.8167700330389522 -0.08152939562698204 2.0
323 142591515 47 SPOC 120 5.42710018 -0.1435076785464067 -1.9875463295596871 1.7726916359271978
323 142591515 41 SPOC 120 5.42710018 -1.4999807737227169 -0.10637070638167533 2.0
323 142591515 40 SPOC 120 5.42710018 -0.9091048632443206 0.027449546087697514 2.0
323 142591515 60 SPOC 120 5.42710018 -3.5864705801447405 -1.8526586884497986 1.7849785745257276
323 142591515 48 SPOC 120 5.42710018 -1.661560472615702 -0.5359684603715332 2.0
323 142591515 75 SPOC 120 5.42710018 -1.485634476853987 -0.4173390303758923 2.0
323 142591515 74 SPOC 120 5.42710018 -1.5719802319702598 -0.09184349105498679 2.0
323 142591515 20 TESS-SPOC 1800 5.42710018 -2.2596593010101875 0.904915124809537 1.840269798219112
323 142591515 14 TESS-SPOC 1800 5.42710018 -2.001774555879669 -0.7381750605285118 1.7911220438249926
323 142591515 21 TESS-SPOC 1800 5.42710018 -0.13382599617780128 -0.4872115105445072 1.8034089824235224
323 142591515 40 TESS-SPOC 600 5.42710018 -0.9745707272220379 0.04876983689335702 2.0
323 142591515 41 TESS-SPOC 600 5.42710018 -1.9920315691744452 -1.423106069625074 2.0
323 142591515 47 TESS-SPOC 600 5.42710018 -1.8197450500492371 -0.9926823352143024 1.993856530700735
323 142591515 60 TESS-SPOC 200 5.42710018 -1.5556224140567847 -1.5926831854071501 2.0
323 142591515 48 TESS-SPOC 600 5.42710018 -1.6760785193582977 -0.361785102572983 2.0
325 310627323 25 SPOC 120 5.36210012 -1.7488989582811323 -0.7833486341438406 1.9139914298102911
325 310627323 51 SPOC 120 5.36210012 -1.7278273440416239 -1.432625698561697 2.0
325 310627323 52 SPOC 120 5.36210012 -2.0655101830983384 -0.7585056555151883 2.0
325 310627323 78 SPOC 120 5.36210012 -1.4762834615126466 -2.0157800792453773 1.9017044912117613
325 310627323 79 SPOC 120 5.36210012 -1.7215360722938853 -1.5751303193006463 1.6989700043360187
325 310627323 25 TESS-SPOC 1800 5.36210012 -0.7534994326438709 -0.5964844155972768 2.0
325 310627323 51 TESS-SPOC 600 5.36210012 -2.2602806949653296 -1.3788226640759824 2.0
325 310627323 52 TESS-SPOC 600 5.36210012 -1.9921314975445021 -1.4109997041915319 2.0
326 240161571 20 SPOC 120 5.35200024 -1.5794831933297822 -1.467113344450359 1.7174004122338136
326 240161571 44 SPOC 120 5.35200024 -0.44045055910520053 -2.0441057674575993 1.8156959210220522
326 240161571 45 SPOC 120 5.35200024 -1.6915976163262565 -1.984722800506091 1.6989700043360187
326 240161571 71 SPOC 120 5.35200024 -0.5999342292092301 -1.7571614922429164 1.7235438815330784
326 240161571 72 SPOC 120 5.35200024 -1.9000105255480841 -0.7279491642468596 2.0
326 240161571 20 TESS-SPOC 1800 5.35200024 -1.4650887120672267 0.6483816647176232 1.8648436754161717
326 240161571 44 TESS-SPOC 600 5.35200024 -1.999185219841645 -1.4092504798858991 2.0
326 240161571 45 TESS-SPOC 600 5.35200024 -2.1256680952634075 -1.414441503874251 2.0
326 240161571 71 TESS-SPOC 200 5.35200024 -2.1642152064211397 -1.2404243474637284 2.0
326 240161571 72 TESS-SPOC 200 5.35200024 -2.482649486816715 -1.778592850916062 1.8034089824235224
327 44486489 17 SPOC 120 5.28469992 -1.841334658762653 -0.37724289964885027 2.0
327 44486489 57 SPOC 120 5.28469992 0.3052490607353673 -2.0508175201477292 1.8279828596205823
327 44486489 84 SPOC 120 5.28469992 -1.5387526498322446 -0.20129191360696494 2.0
327 44486489 17 TESS-SPOC 1800 5.28469992 -1.597914852245934 -0.34063421571621477 2.0
327 44486489 57 TESS-SPOC 200 5.28469992 0.2717962206127065 -1.9583932801966097 1.6989700043360187
328 159331270 14 SPOC 120 5.14919996 -2.161825489814582 -1.2211688170877835 1.840269798219112
328 159331270 20 SPOC 120 5.14919996 -0.9684578969193289 -0.13710486427199942 2.0
328 159331270 19 SPOC 120 5.14919996 -1.2331523232890929 -1.0106054792657566 1.6989700043360187
328 159331270 15 SPOC 120 5.14919996 -2.1000745068397113 -0.636363923861576 2.0
328 159331270 26 SPOC 120 5.14919996 -2.9770882179380624 -1.7497485968371038 1.7358308201316084
328 159331270 21 SPOC 120 5.14919996 -2.159288423217648 -0.07702725345406815 1.9324218377080857
328 159331270 40 SPOC 120 5.14919996 -2.075645717096094 -1.9303514503719976 2.0
328 159331270 47 SPOC 120 5.14919996 -0.9414623671331416 -1.982439556123966 1.8034089824235224
328 159331270 41 SPOC 120 5.14919996 -2.1215170770892278 -0.25347879464301 1.9385653070073507
328 159331270 60 SPOC 120 5.14919996 -2.722100430040512 -1.27386807561263 1.8156959210220522
328 159331270 59 SPOC 120 5.14919996 -1.669637295801596 -1.9184015981508231 1.7235438815330784
328 159331270 53 SPOC 120 5.14919996 -2.5162863586625726 -0.5536965084126548 2.0
328 159331270 52 SPOC 120 5.14919996 -2.1229018578706205 -1.8115131549204053 1.8156959210220522
328 159331270 48 SPOC 120 5.14919996 -1.9232800233877096 -1.2082728637046947 2.0
328 159331270 73 SPOC 120 5.14919996 -1.902271030388896 -0.45502516808667065 2.0
328 159331270 79 SPOC 120 5.14919996 -2.0520921779264474 -1.614090586140799 2.0
328 159331270 82 SPOC 120 5.14919996 -1.0826681926204158 -1.846114979003056 1.858700206116907
328 159331270 75 SPOC 120 5.14919996 -1.9003974096601608 -0.879569166282534 1.840269798219112
328 159331270 20 TESS-SPOC 1800 5.14919996 -1.5229881390807163 0.7340472001047892 1.8279828596205823
328 159331270 15 TESS-SPOC 1800 5.14919996 -1.876387573901208 -0.8201349630453985 2.0
328 159331270 14 TESS-SPOC 1800 5.14919996 -2.7658183196006703 0.09056039825728583 1.8525567368176419
328 159331270 19 TESS-SPOC 1800 5.14919996 -1.9134996811944318 -0.378184431246058 1.9324218377080857
328 159331270 21 TESS-SPOC 1800 5.14919996 -1.1076282805569069 0.08155485055163371 2.0
328 159331270 26 TESS-SPOC 1800 5.14919996 -3.4660185143182067 -0.1356220730630668 1.6989700043360187
328 159331270 40 TESS-SPOC 600 5.14919996 -2.0009261103722817 -1.405356255165685 2.0
328 159331270 41 TESS-SPOC 600 5.14919996 -2.0396221693697347 -1.353559644653769 2.0
328 159331270 47 TESS-SPOC 600 5.14919996 -1.9051271825812452 -1.5582636848128597 1.8648436754161717
328 159331270 60 TESS-SPOC 200 5.14919996 -2.565198332202117 -0.9931138482170279 1.8156959210220522
328 159331270 59 TESS-SPOC 200 5.14919996 -2.773760099871747 -1.3424841148837938 1.8218393903213173
328 159331270 53 TESS-SPOC 600 5.14919996 -2.004450636543819 -1.346657513363665 2.0
328 159331270 52 TESS-SPOC 600 5.14919996 -2.0090550367703774 -1.4007270357861659 2.0
328 159331270 48 TESS-SPOC 600 5.14919996 -1.9956942137086358 -0.7416537117091071 2.0
329 146471505 05 SPOC 120 4.99499989 -0.19728226555694947 -2.0348136542472623 1.7358308201316084
329 146471505 32 SPOC 120 4.99499989 -2.0550721897340085 -1.6298675671413667 2.0
329 146471505 05 TESS-SPOC 1800 4.99499989 -2.985667326876341 2.0185193615686554 1.9631391842044104
329 146471505 32 TESS-SPOC 600 4.99499989 -2.082950033331794 -0.686321263068569 2.0
330 29414180 24 SPOC 120 4.98619986 -2.041579709125552 -0.4212079325699888 1.760404697328668
330 29414180 25 SPOC 120 4.98619986 -2.4315425610663532 -0.9584207556512682 1.7911220438249926
330 29414180 78 SPOC 120 4.98619986 -0.8739876792695069 -1.7807932041478614 1.8525567368176419
330 29414180 24 TESS-SPOC 1800 4.98619986 -2.047130867676789 -0.7219646891994864 2.0
330 29414180 25 TESS-SPOC 1800 4.98619986 -1.88480901923232 -0.6834495099804786 1.9754261228029404
332 23676007 23 SPOC 120 4.90799999 0.42819638902594054 -1.866322901739215 1.7112569429345486
332 23676007 49 SPOC 120 4.90799999 -2.0505067402901007 -0.7972357157639043 2.0
332 23676007 50 SPOC 120 4.90799999 -1.7396168832323897 -1.1855685601907178 2.0
332 23676007 23 TESS-SPOC 1800 4.90799999 -1.231720207440796 0.05342327996017721 1.8525567368176419
332 23676007 49 TESS-SPOC 600 4.90799999 -1.5875240608989702 -0.4097174101918994 2.0
332 23676007 50 TESS-SPOC 600 4.90799999 -1.8342043924253126 -1.4261477800310647 1.9692826535036754
333 307985697 14 SPOC 120 4.88990021 -2.3957089643254426 -1.0096162199793675 2.0
333 307985697 15 SPOC 120 4.88990021 -1.9086926831681916 -0.4776380551934557 2.0
333 307985697 16 SPOC 120 4.88990021 -2.286227946158421 -1.334588332122199 2.0
333 307985697 17 SPOC 120 4.88990021 -1.5551841463993512 0.01355165507847626 2.0
333 307985697 18 SPOC 120 4.88990021 -2.0311329891941097 -0.9255651418524827 1.9877130614014702
333 307985697 19 SPOC 120 4.88990021 -1.6241618324225011 -1.1200929950320258 1.6989700043360187
333 307985697 25 SPOC 120 4.88990021 -2.0277905319647296 -1.4254877040400846 1.8648436754161717
333 307985697 24 SPOC 120 4.88990021 -1.6987914833941524 -0.8299424371977586 1.9385653070073507
333 307985697 21 SPOC 120 4.88990021 -2.023433859652907 -1.5624271704980577 2.0
333 307985697 22 SPOC 120 4.88990021 -1.526855258093609 -0.04219121254480921 2.0
333 307985697 23 SPOC 120 4.88990021 -0.8079273118854855 -1.601518997745943 1.6989700043360187
333 307985697 26 SPOC 120 4.88990021 -2.1762554462927652 -1.4362613161210616 1.754261228029403
333 307985697 40 SPOC 120 4.88990021 -1.7451448234292561 -1.0670761486737779 2.0
333 307985697 41 SPOC 120 4.88990021 -1.4464114784426478 -0.8859498655552601 2.0
333 307985697 47 SPOC 120 4.88990021 -0.8434351754512289 -2.0379429761053895 1.7972655131242576
333 307985697 58 SPOC 120 4.88990021 -1.6441569564850524 -2.0015565256915218 1.8894175526132313
333 307985697 57 SPOC 120 4.88990021 -0.2478526815032625 -2.006516809055056 1.8955610219124963
333 307985697 56 SPOC 120 4.88990021 -1.1507556793067428 -0.05897354944116761 2.0
333 307985697 55 SPOC 120 4.88990021 -0.7481941325633177 -1.9337837496711627 1.9078479605110261
333 307985697 54 SPOC 120 4.88990021 -1.1417246802019212 -1.8392414142125213 1.8955610219124963
333 307985697 53 SPOC 120 4.88990021 -2.637079303800016 -0.4885523813903821 2.0
333 307985697 52 SPOC 120 4.88990021 -2.320807320248092 -1.4378945799356904 2.0
333 307985697 51 SPOC 120 4.88990021 -1.9466071277782173 -0.47434320296563504 2.0
333 307985697 49 SPOC 120 4.88990021 -0.2905846399066277 -2.066008820660931 1.8034089824235224
333 307985697 48 SPOC 120 4.88990021 -1.6542123796502437 -0.2718857909687835 2.0
333 307985697 60 SPOC 120 4.88990021 -2.657990442455422 -1.3156464559537064 1.8156959210220522
333 307985697 59 SPOC 120 4.88990021 -1.3871449119557924 -1.987088987282252 1.9017044912117613
333 307985697 84 SPOC 20 4.88990021 -2.0288417704276354 -0.5418949242887777 2.0
333 307985697 85 SPOC 20 4.88990021 -1.7671374365838723 -1.1616328356594352 2.0
333 307985697 86 SPOC 20 4.88990021 -2.1855493168758517 -1.726213713266329 1.8279828596205823
333 307985697 86 SPOC 120 4.88990021 -2.302609785776141 -1.5937687657501547 2.0
333 307985697 74 SPOC 120 4.88990021 -2.2660195458221812 -1.073417326599188 2.0
333 307985697 84 SPOC 120 4.88990021 -0.9885522568229177 -1.9612264209339836 1.9692826535036754
333 307985697 83 SPOC 120 4.88990021 -1.9183705839161265 -1.1576204122719609 1.993856530700735
333 307985697 82 SPOC 120 4.88990021 -1.8997410909088832 -0.3330491090607361 2.0
333 307985697 80 SPOC 120 4.88990021 -1.1798716683765156 -1.8913834756353696 1.8095524517227874
333 307985697 85 SPOC 120 4.88990021 -2.186394344243495 -1.8191719024892319 1.9017044912117613
333 307985697 78 SPOC 120 4.88990021 -2.8791618714578857 -0.34106725936561416 2.0
333 307985697 76 SPOC 120 4.88990021 -2.1064892532839052 -1.7248080917540491 2.0
333 307985697 75 SPOC 120 4.88990021 -1.9630314422868442 -1.9164745269417744 2.0
333 307985697 79 SPOC 120 4.88990021 -1.8245869250634377 -0.1682103638195088 1.9754261228029404
333 307985697 17 TESS-SPOC 1800 4.88990021 -1.9291465822612595 -1.0251885261317586 2.0
333 307985697 19 TESS-SPOC 1800 4.88990021 -1.5824372131391586 -0.1480835426336897 1.840269798219112
333 307985697 14 TESS-SPOC 1800 4.88990021 -2.7709681347857775 -0.15848121755467978 1.7849785745257276
333 307985697 15 TESS-SPOC 1800 4.88990021 -1.5156054267046122 0.10917588739365196 2.0
333 307985697 16 TESS-SPOC 1800 4.88990021 -1.8158495390652463 -0.9261857670992544 2.0
333 307985697 18 TESS-SPOC 1800 4.88990021 -0.8557965220720426 -1.3085843764405298 1.6989700043360187
333 307985697 26 TESS-SPOC 1800 4.88990021 -3.3412844184391455 -0.2665380921323092 1.6989700043360187
333 307985697 24 TESS-SPOC 1800 4.88990021 -1.88014045317653 -0.7961836639483788 1.9385653070073507
333 307985697 23 TESS-SPOC 1800 4.88990021 -2.6130163585467323 -0.12314941533121163 1.7726916359271978
333 307985697 22 TESS-SPOC 1800 4.88990021 -2.2116460357074783 -0.25454718829075323 1.9754261228029404
333 307985697 21 TESS-SPOC 1800 4.88990021 -0.1413899215640823 0.06594788703896046 1.7849785745257276
333 307985697 25 TESS-SPOC 1800 4.88990021 -1.9236538423709735 -0.6169889494938404 2.0
333 307985697 40 TESS-SPOC 600 4.88990021 -1.9805451846919386 -1.1311793208584446 2.0
333 307985697 41 TESS-SPOC 600 4.88990021 -1.8998245757544006 -0.7433287411937245 2.0
333 307985697 47 TESS-SPOC 600 4.88990021 -2.0986888979308076 -1.412303399834765 2.0
333 307985697 60 TESS-SPOC 200 4.88990021 -2.6400320658808307 -0.8045220059254509 1.8034089824235224
333 307985697 59 TESS-SPOC 200 4.88990021 -2.659986509214493 -1.3409584802474301 1.834126328919847
333 307985697 58 TESS-SPOC 200 4.88990021 -1.4279432545905433 -1.9440510818059376 2.0
333 307985697 57 TESS-SPOC 200 4.88990021 0.2320523127631226 -1.956242575207997 1.6989700043360187
333 307985697 56 TESS-SPOC 200 4.88990021 -2.4902744310862746 -1.6552644069466287 1.8156959210220522
333 307985697 55 TESS-SPOC 600 4.88990021 -2.468231341351691 -0.814421526342656 1.9447087763066158
333 307985697 48 TESS-SPOC 600 4.88990021 -1.889751325117308 -0.6971221489045181 1.993856530700735
333 307985697 49 TESS-SPOC 600 4.88990021 -2.075026181605237 -1.3716241832941247 2.0
333 307985697 51 TESS-SPOC 600 4.88990021 -1.8394936659150494 -0.4559546483775006 2.0
333 307985697 52 TESS-SPOC 600 4.88990021 -2.0042465657707553 -1.3156893409817372 2.0
333 307985697 53 TESS-SPOC 600 4.88990021 -1.9991103555961631 -1.3205094686966017 2.0
333 307985697 54 TESS-SPOC 600 4.88990021 -2.124831574938905 -1.179187299698069 2.0
334 23815594 23 SPOC 120 4.83179998 -0.7616247460534855 -0.23796474493804354 2.0
334 23815594 50 SPOC 120 4.83179998 -1.7831251822216618 -1.9496195274630468 1.9447087763066158
334 23815594 77 SPOC 120 4.83179998 -1.7717711777105278 -1.8375475719277092 2.0
334 23815594 23 TESS-SPOC 1800 4.83179998 -1.02272451029822 -0.02974040633292402 1.9754261228029404
334 23815594 50 TESS-SPOC 600 4.83179998 -1.9889161187489794 -1.399384142758996 1.9877130614014702
336 149018345 02 SPOC 120 4.74700022 -2.1073678689520956 -1.281913531361241 2.0
336 149018345 29 SPOC 120 4.74700022 -1.5742085924322589 -1.6961957658026217 1.6989700043360187
336 149018345 69 SPOC 120 4.74700022 -0.22632678018048097 -1.9113113493752278 1.6989700043360187
336 149018345 02 TESS-SPOC 1800 4.74700022 -1.810080275160227 -0.8426450022307047 1.9877130614014702
336 149018345 29 TESS-SPOC 600 4.74700022 -1.9767626414303925 -1.3984009090821954 2.0
336 149018345 69 TESS-SPOC 200 4.74700022 -0.945067070339125 -1.6018107350551503 1.7235438815330784
337 40048460 03 SPOC 120 4.48929977 -0.0969220819123787 -1.8565017872523113 1.8095524517227874
337 40048460 30 SPOC 120 4.48929977 -0.2877064681775543 -1.9543540279533205 1.7174004122338136
337 40048460 42 SPOC 120 4.48929977 -1.3076456033296886 -1.8060470590903874 1.9508522456058806
337 40048460 70 SPOC 120 4.48929977 -2.3066219618976214 -1.8156175925782756 1.8156959210220522
337 40048460 03 TESS-SPOC 1800 4.48929977 -1.9997444154384278 0.6861370925486886 1.8648436754161717
337 40048460 30 TESS-SPOC 600 4.48929977 -2.296225965815044 -0.8813686986942355 1.766548166627933
337 40048460 42 TESS-SPOC 600 4.48929977 -2.2811388812749525 -0.5554961026977306 2.0
337 40048460 70 TESS-SPOC 200 4.48929977 -2.0610916623522253 -0.9265836868288367 2.0
338 16916903 17 SPOC 120 4.4073 -1.8176768035048474 -0.834416607416113 1.7788351052264628
338 16916903 57 SPOC 120 4.4073 -0.24277887300286546 -1.752675517059497 1.834126328919847
338 16916903 84 SPOC 120 4.4073 -1.5193414053656986 -0.19747520789958664 2.0
338 16916903 17 TESS-SPOC 1800 4.4073 -1.731574164124003 -0.2676666720651684 1.8464132675183769
338 16916903 57 TESS-SPOC 200 4.4073 -2.4901521329751675 -1.8226070356195925 1.8034089824235224
339 162238845 15 SPOC 120 4.28499985 -1.982400916398128 -0.9186757146619905 2.0
339 162238845 16 SPOC 120 4.28499985 -1.850152028751755 -0.7253145903087829 2.0
339 162238845 15 TESS-SPOC 1800 4.28499985 -1.9547448796465874 -0.9545522878938871 2.0
339 162238845 16 TESS-SPOC 1800 4.28499985 -1.661414755596876 -0.36766016755874004 1.7174004122338136
340 450348475 23 SPOC 120 4.16400003 -2.137761635556409 -1.2652446474830543 2.0
340 450348475 24 SPOC 120 4.16400003 -2.0425733167056275 -0.49844746201546264 1.7726916359271978
340 450348475 50 SPOC 120 4.16400003 -2.252119168955584 -1.9811646877218836 1.7358308201316084
340 450348475 77 SPOC 120 4.16400003 -0.3870041945107071 -0.9143196365882672 2.0
340 450348475 23 TESS-SPOC 1800 4.16400003 -1.397577879941154 0.3812924676920664 1.8832740833139665
340 450348475 24 TESS-SPOC 1800 4.16400003 -2.060699629402977 -0.47651851301834586 1.6989700043360187
340 450348475 50 TESS-SPOC 600 4.16400003 -3.017385435835021 -0.9465609596159928 1.6989700043360187
343 420129036 14 SPOC 120 3.78640008 -1.8710824483830901 -0.9019607214522942 2.0
343 420129036 15 SPOC 120 3.78640008 -2.0283664473253817 -0.525411686377588 1.9631391842044104
343 420129036 17 SPOC 120 3.78640008 -1.6988338661618563 -0.5634131786467877 2.0
343 420129036 18 SPOC 120 3.78640008 -2.149166386442596 -1.694976437911429 1.993856530700735
343 420129036 19 SPOC 120 3.78640008 -1.1930509350470269 -1.4529098362369461 1.6989700043360187
343 420129036 20 SPOC 120 3.78640008 -0.20801303642613245 -1.6733965638363955 1.7849785745257276
343 420129036 24 SPOC 120 3.78640008 -1.382732075473449 -1.414912954388691 1.6989700043360187
343 420129036 21 SPOC 120 3.78640008 -1.1656476159383926 -0.12399591118156247 2.0
343 420129036 22 SPOC 120 3.78640008 -1.0482201227572552 -1.860882624200695 1.926278368408821
343 420129036 23 SPOC 120 3.78640008 -1.9386435019730248 -1.3540636105190693 1.834126328919847
343 420129036 26 SPOC 120 3.78640008 -2.528760892992783 -0.23130296387728772 1.6989700043360187
343 420129036 40 SPOC 120 3.78640008 -1.9690397186585904 -1.9528290788442197 1.926278368408821
343 420129036 41 SPOC 120 3.78640008 -1.960245614204365 -0.2565952286658851 1.920134899109556
343 420129036 47 SPOC 120 3.78640008 -0.32006174274438354 -1.9734237737942026 1.766548166627933
343 420129036 57 SPOC 120 3.78640008 0.19879962030853132 -1.8236942957311357 1.8034089824235224
343 420129036 55 SPOC 120 3.78640008 -1.949400597743985 -0.12236668753141106 2.0
343 420129036 54 SPOC 120 3.78640008 -2.1705124084984617 -0.6322058512329015 1.7849785745257276
343 420129036 53 SPOC 120 3.78640008 -2.250842379194717 -0.5776040586710194 2.0
343 420129036 52 SPOC 120 3.78640008 -2.0678773395495114 -1.9349544352342103 2.0
343 420129036 51 SPOC 120 3.78640008 -1.6467077128151966 -1.7210836468962487 1.6989700043360187
343 420129036 50 SPOC 120 3.78640008 -1.5352861229397703 -1.0662239033885643 2.0
343 420129036 49 SPOC 120 3.78640008 -1.9638522031988146 -1.6680719875072905 1.7419742894308732
343 420129036 48 SPOC 120 3.78640008 -1.5817201035378818 -2.013418685921821 1.9139914298102911
343 420129036 60 SPOC 120 3.78640008 -1.136218908103751 -1.8388113216392892 1.6989700043360187
343 420129036 59 SPOC 120 3.78640008 -1.2909059562976755 -1.9493389572521342 1.6989700043360187
343 420129036 58 SPOC 120 3.78640008 -1.2520411253033807 -1.878151530282045 1.7419742894308732
343 420129036 73 SPOC 120 3.78640008 -2.178574270716113 -1.2330925925340435 2.0
343 420129036 85 SPOC 120 3.78640008 -1.7208768603938147 -0.2507139509409958 2.0
343 420129036 86 SPOC 120 3.78640008 -2.1026763707048644 -1.0802743663995658 2.0
343 420129036 74 SPOC 120 3.78640008 -2.5279283459456092 -1.0173958378196197 1.8464132675183769
343 420129036 75 SPOC 120 3.78640008 -1.9800214833988596 -1.2297194599877685 2.0
343 420129036 76 SPOC 120 3.78640008 -1.734976949438091 -1.9833021548087346 2.0
343 420129036 77 SPOC 120 3.78640008 -1.73391177171946 -0.7401601921107894 1.8955610219124963
343 420129036 78 SPOC 120 3.78640008 -1.9336038776566844 -0.7778597086382251 2.0
343 420129036 79 SPOC 120 3.78640008 -1.818780500850855 -0.7664780104923554 1.9569957149051456
343 420129036 80 SPOC 120 3.78640008 -1.961280215002283 -1.1002630816657002 2.0
343 420129036 81 SPOC 120 3.78640008 -1.90752358570733 -0.5018277917098636 2.0
343 420129036 84 SPOC 120 3.78640008 0.29044899300259686 -1.8728832121952652 1.7911220438249926
343 420129036 17 TESS-SPOC 1800 3.78640008 -1.4821028876687292 0.3392038391814464 2.0
343 420129036 18 TESS-SPOC 1800 3.78640008 -1.6212803600586068 -0.8226279433169971 1.920134899109556
343 420129036 19 TESS-SPOC 1800 3.78640008 -2.0249507792659767 -0.823583812173855 1.760404697328668
343 420129036 20 TESS-SPOC 1800 3.78640008 -2.066211207151649 1.0912641118913156 1.834126328919847
343 420129036 15 TESS-SPOC 1800 3.78640008 -1.939365954162246 -0.8642874234505314 2.0
343 420129036 14 TESS-SPOC 1800 3.78640008 -2.507403686954442 -0.1009270403778226 1.7972655131242576
343 420129036 22 TESS-SPOC 1800 3.78640008 -1.9391026570477239 -0.8982740001915273 2.0
343 420129036 26 TESS-SPOC 1800 3.78640008 -3.7653444173923334 2.531057656317848 1.9385653070073507
343 420129036 21 TESS-SPOC 1800 3.78640008 -1.5151545845122303 -0.21616903697832995 1.7481177587301382
343 420129036 24 TESS-SPOC 1800 3.78640008 -1.9546027247405928 -0.8519644570459873 1.9754261228029404
343 420129036 23 TESS-SPOC 1800 3.78640008 -1.9469804876589885 -0.11491829291232462 2.0
343 420129036 40 TESS-SPOC 600 3.78640008 -1.9858554900488714 -1.4110241238698928 2.0
343 420129036 41 TESS-SPOC 600 3.78640008 -2.006163847750154 -1.4182317223365755 2.0
343 420129036 47 TESS-SPOC 600 3.78640008 -2.09312295944768 -1.4040725105292735 2.0
343 420129036 58 TESS-SPOC 200 3.78640008 -2.060173250784192 -0.3225273355624723 2.0
343 420129036 60 TESS-SPOC 200 3.78640008 -1.7411482782335754 -0.7283982734669591 2.0
343 420129036 59 TESS-SPOC 200 3.78640008 -1.7288741406220929 -1.7369126520041955 2.0
343 420129036 57 TESS-SPOC 200 3.78640008 -1.9569330505278637 -1.6191090000220127 1.8709871447154367
343 420129036 55 TESS-SPOC 600 3.78640008 -1.991365456739196 -1.4041046089683942 2.0
343 420129036 54 TESS-SPOC 600 3.78640008 -2.0328792018920803 -1.1459441633781344 2.0
343 420129036 53 TESS-SPOC 600 3.78640008 -1.9938780307485107 -1.4176473063921677 2.0
343 420129036 52 TESS-SPOC 600 3.78640008 -1.9333391742644657 -0.17690264554091487 1.9815695921022052
343 420129036 48 TESS-SPOC 600 3.78640008 -1.9801225600147143 -0.7060451786039813 2.0
343 420129036 49 TESS-SPOC 600 3.78640008 -2.0090989169583433 -1.3496782210243419 2.0
343 420129036 50 TESS-SPOC 600 3.78640008 -1.8989154372263741 -1.435147289892081 2.0
343 420129036 51 TESS-SPOC 600 3.78640008 -1.3983501873070778 -1.0541632435339736 1.6989700043360187
344 411252917 46 SPOC 120 3.73099995 -2.0564080372337843 -1.844489107753507 2.0
344 411252917 50 SPOC 120 3.73099995 -1.7494815080113717 -0.13598530100014405 2.0
344 411252917 46 TESS-SPOC 600 3.73099995 -2.1922039155689315 -0.7965894371386624 2.0
344 411252917 50 TESS-SPOC 600 3.73099995 -1.6221384550267717 -0.2698136202958737 1.926278368408821
345 239622721 15 SPOC 120 3.61956 -1.9598742947408614 -0.9487416865460596 1.9754261228029404
345 239622721 16 SPOC 120 3.61956 -1.2597121048699031 -0.7046069973633265 1.754261228029403
345 239622721 56 SPOC 120 3.61956 -2.151622749721115 -1.4861499229924588 1.6989700043360187
345 239622721 82 SPOC 120 3.61956 -1.9108741177649498 -0.4545705655024892 1.9631391842044104
345 239622721 83 SPOC 120 3.61956 -2.022598383677297 -1.7938935776412692 2.0
345 239622721 15 TESS-SPOC 1800 3.61956 -1.9238441804870396 -0.6221772192865193 2.0
345 239622721 16 TESS-SPOC 1800 3.61956 -2.195916670245238 -0.29949639687941443 1.760404697328668
345 239622721 56 TESS-SPOC 200 3.61956 -3.0483847400483906 -1.6424778620592828 1.7358308201316084
346 201723935 13 SPOC 120 3.51999998 -3.2669803165579547 -0.3811735149748466 2.0
346 201723935 27 SPOC 120 3.51999998 -1.1958930907129197 -1.415523869849064 1.6989700043360187
346 201723935 67 SPOC 120 3.51999998 -2.17994482410053 -1.10117242418036 2.0
346 201723935 13 TESS-SPOC 1800 3.51999998 -1.9996271977989672 -0.030711198131038574 1.9324218377080857
346 201723935 27 TESS-SPOC 600 3.51999998 -2.126332708073063 -1.0212085251184595 2.0
346 201723935 67 TESS-SPOC 200 3.51999998 -2.585738501128438 -1.2540967071257418 1.8156959210220522
347 418173060 45 SPOC 120 3.35400009 -2.211364302866007 -0.8872763570410532 1.9139914298102911
347 418173060 46 SPOC 120 3.35400009 -1.8892167428312927 -1.3044258235751258 2.0
347 418173060 72 SPOC 120 3.35400009 -2.179773844501602 -1.8601343549075435 2.0
347 418173060 45 TESS-SPOC 600 3.35400009 -2.3231289153026142 -0.8395254399344424 1.7296873508323434
347 418173060 46 TESS-SPOC 600 3.35400009 -2.0878332681613627 -0.9578420058351452 2.0
347 418173060 72 TESS-SPOC 200 3.35400009 -2.7548885039913236 -0.8034686231792397 1.8464132675183769
348 301502440 27 SPOC 120 3.08599997 -2.0946726459216327 -0.6160698372263064 2.0
348 301502440 27 TESS-SPOC 600 3.08599997 -2.0885167062733725 -0.8634225661218926 2.0
349 238720786 18 SPOC 120 3.01769996 -1.9681517760372882 -0.7290227623877694 2.0
349 238720786 58 SPOC 120 3.01769996 -2.007670689668756 -0.49747415629553804 2.0
349 238720786 85 SPOC 20 3.01769996 -1.9895262767540236 -1.6930932369184164 1.9877130614014702
349 238720786 85 SPOC 120 3.01769996 -1.6006147333593141 -1.6597302206046611 1.9877130614014702
349 238720786 18 TESS-SPOC 1800 3.01769996 -0.5121592310778263 -0.8170557879010842 1.6989700043360187
349 238720786 58 TESS-SPOC 200 3.01769996 -2.577376217002057 -0.9728265814843097 1.858700206116907
350 345136771 10 SPOC 120 2.75099993 -2.508742199394419 -1.3120772624744674 2.0
350 345136771 36 SPOC 120 2.75099993 -1.9821367470680384 -1.0504860311152362 2.0
350 345136771 37 SPOC 120 2.75099993 -2.58929000925163 -1.9590089490728315 1.8034089824235224
350 345136771 63 SPOC 120 2.75099993 -2.5357247401482375 -1.9096111111017549 1.8095524517227874
350 345136771 10 TESS-SPOC 1800 2.75099993 -1.99939315881251 -0.8203864985944685 2.0
350 345136771 36 TESS-SPOC 600 2.75099993 -2.0536891095605716 -1.2292236539749306 2.0
350 345136771 37 TESS-SPOC 600 2.75099993 -2.173504443214222 -0.8926650058784095 2.0
350 345136771 63 TESS-SPOC 200 2.75099993 -2.7322882625517755 -1.6204423530610086 1.6989700043360187
351 445843374 23 SPOC 120 2.68849993 -1.6199328671028765 -1.3607066099767249 1.7788351052264628
351 445843374 50 SPOC 120 2.68849993 -1.7697334688481465 -1.7457113019726467 1.760404697328668
351 445843374 77 SPOC 120 2.68849993 -1.924389220620477 -1.8292190145849052 2.0
351 445843374 23 TESS-SPOC 1800 2.68849993 -1.8944823488651024 0.18937835867048855 1.9754261228029404
351 445843374 50 TESS-SPOC 600 2.68849993 -1.5907978539174588 -0.26056867255518606 2.0
352 302066927 27 SPOC 120 2.65820003 -1.9052725869912162 -1.1356219292644643 1.6989700043360187
352 302066927 67 SPOC 120 2.65820003 -1.7104777786905032 -0.6515208191529215 1.8218393903213173
352 302066927 27 TESS-SPOC 600 2.65820003 -2.022519576512804 -0.9741557742841143 2.0
352 302066927 67 TESS-SPOC 200 2.65820003 -2.9860061960725464 -0.5082719785272952 1.8279828596205823
353 423658228 10 SPOC 120 2.50099993 -1.2080819392995967 -0.37028587109767885 2.0
353 423658228 37 SPOC 120 2.50099993 -0.715216548046915 -1.6571477248381865 1.6989700043360187
353 423658228 64 SPOC 120 2.50099993 -1.9319187861529703 -1.4642021480886867 1.8955610219124963
353 423658228 10 TESS-SPOC 1800 2.50099993 -1.3381657243826046 -0.36804662695358864 1.9447087763066158
353 423658228 37 TESS-SPOC 600 2.50099993 -2.0451970646516857 -0.46588310817234985 2.0
353 423658228 64 TESS-SPOC 200 2.50099993 -2.856568163603937 -0.9300620051063943 1.8034089824235224
354 257741041 46 SPOC 120 2.44589996 -1.1502642379851566 -1.7960829677548968 1.6989700043360187
354 257741041 46 TESS-SPOC 600 2.44589996 -1.8431239997755011 -1.0007797477095446 2.0
355 38877693 03 TESS-SPOC 1800 0.86799997 -1.7141446699181824 -0.12260087421966337 1.993856530700735
355 38877693 02 TESS-SPOC 1800 0.86799997 -1.676131221651365 -0.5905998538321143 2.0
