Name TIC_ID Sector Author Exptime Magnitude Slope Slope2 Breakpoint
2 328668612 59 TESS-SPOC 200 6.54879999 -1.7360448698698798 -0.3556837315434002 2.8490035667760796
2 328668612 60 TESS-SPOC 200 6.54879999 -1.8524122584074771 -0.30962756943545877 2.8323153694244594
3 336728909 57 TESS-SPOC 200 10.1906004 -1.5773391901837992 -0.0729709426902418 2.0409480683395658
4 13939217 57 TESS-SPOC 200 7.41699982 -1.6531339971138441 -0.053414188507541836 2.040906748944289
5 386610785 09 SPOC 120 2.81458998 -1.9523218250078387 -0.25046423720094513 2.9870101556168285
5 386610785 35 SPOC 120 2.81458998 -1.7801478993189024 -0.4446638267233361 3.174525220803235
5 386610785 62 SPOC 120 2.81458998 -1.337978787207755 -0.007838572134046125 2.559211698048428
5 386610785 89 SPOC 120 2.81458998 -1.4913622718153492 0.1785788073425421 2.614275197030022
5 386610785 09 TESS-SPOC 1800 2.81458998 -1.8939816713103317 -0.44921133765962007 2.252716965021162
5 386610785 35 TESS-SPOC 600 2.81458998 -1.343439850056232 -0.13637401775679028 2.4725752687808513
5 386610785 62 TESS-SPOC 200 2.81458998 -1.7288877176529536 0.019532804526614045 2.500731839449785
6 230092799 60 TESS-SPOC 200 7.13600016 -1.744995885608031 -0.008369371319558845 2.4181056369922906
6 230092799 58 TESS-SPOC 200 7.13600016 -1.65942787884032 -0.16466241591235117 2.7873862957854887
6 230092799 57 TESS-SPOC 200 7.13600016 -1.917364097964047 -0.08515904725898134 3.2092901739924033
6 230092799 56 TESS-SPOC 200 7.13600016 -1.9198922065237225 0.003415865883031008 2.8414869826230063
6 230092799 59 TESS-SPOC 200 7.13600016 -1.7445466146642663 -0.17371091515094075 2.6833534514684607
7 1219998 05 SPOC 120 9.38539982 -2.348143137839595 -0.0829365887471324 2.160127703428526
7 1219998 05 TESS-SPOC 1800 9.38539982 -2.4888513104397285 -0.19449758899598057 1.7368522294382065
8 114858879 02 SPOC 120 5.19049978 -1.527749047115633 -0.13482221950018422 2.590299220114144
8 114858879 69 SPOC 120 5.19049978 -1.6193629805321634 0.5422624188026572 2.9556106306631356
8 114858879 02 TESS-SPOC 1800 5.19049978 -1.9050474525910785 -0.8590697269451826 1.9727480717702592
8 114858879 69 TESS-SPOC 200 5.19049978 -1.5020812172172273 0.3639134461976416 2.6926573870965402
9 24350903 42 SPOC 120 2.4698 -1.8033169395903181 -0.38200472801079227 3.0180792400568244
9 24350903 55 SPOC 120 2.4698 -1.7364919921107425 -0.1792408539037548 3.0312140584692093
9 24350903 82 SPOC 120 2.4698 -1.1593898279634665 0.5994138966308141 2.7374839411335614
9 24350903 42 TESS-SPOC 600 2.4698 -1.968656787211091 0.837246078524889 2.5887236133047513
9 24350903 55 TESS-SPOC 600 2.4698 -1.9048553207761094 -0.4626836048241753 2.698561583799069
10 147795605 60 TESS-SPOC 200 7.70230007 -1.8731678695279987 -0.01664426927943312 2.7818776528344267
11 293340820 42 SPOC 120 2.25740004 -1.6899799988874293 -0.6525972468626846 3.538565636829344
11 293340820 70 SPOC 120 2.25740004 -1.7541330070776415 -0.3417478317293411 3.1048339427449063
11 293340820 42 TESS-SPOC 600 2.25740004 -2.0048904628599917 -1.573674475321895 2.581488350973248
11 293340820 70 TESS-SPOC 200 2.25740004 -1.8138447002823295 -0.06661214066202338 2.7087990858664686
12 58872758 70 TESS-SPOC 200 6.60710001 -1.8306291815588753 0.0506966782334866 2.844719636253882
13 310965017 14 SPOC 120 3.85619998 -1.7885555725599958 -0.25875541917742184 3.149248454494911
13 310965017 21 SPOC 120 3.85619998 -1.955036191307929 -0.1452245514484616 2.731061512499534
13 310965017 47 SPOC 120 3.85619998 -1.7617399245958976 -0.5019272157058625 3.0065244296056197
13 310965017 41 SPOC 120 3.85619998 -1.7824700765111485 -0.27365922220959915 2.887001391581381
13 310965017 75 SPOC 120 3.85619998 -1.250952842689546 0.15003756020626816 2.9048107415343045
13 310965017 74 SPOC 120 3.85619998 -1.8051770690254325 -0.1393990279708625 2.9736019488845487
13 310965017 14 TESS-SPOC 1800 3.85619998 -0.21337613838228733 0.30631820099404694 1.7193263712727076
13 310965017 21 TESS-SPOC 1800 3.85619998 -0.26060412581638875 -20.692224921880705 2.423631037910879
13 310965017 41 TESS-SPOC 600 3.85619998 -1.9079615853274008 -0.43713424766077574 2.6885926611121187
13 310965017 47 TESS-SPOC 600 3.85619998 -1.9353811266346905 -0.5035417360239055 2.690865390509149
15 71032449 09 SPOC 120 4.68730021 -1.741673804703807 -0.1571240166902114 2.7684544734455825
15 71032449 36 SPOC 120 4.68730021 -1.768124077685805 -0.29675210518069134 3.0326632336786523
15 71032449 09 TESS-SPOC 1800 4.68730021 -2.00701377092754 -0.3116171286935149 1.9131594282681814
15 71032449 36 TESS-SPOC 600 4.68730021 -1.8747479194725927 0.1349564625469389 2.4423798838404616
16 139121623 01 SPOC 120 3.96799994 -1.8699899238414146 0.3966454041549972 3.0383300134102407
16 139121623 27 SPOC 120 3.96799994 -1.6445998898102614 -0.005987138825648345 2.615876604311277
16 139121623 28 SPOC 120 3.96799994 -1.7011462774943902 0.5615059106242248 2.670349472235161
16 139121623 68 SPOC 120 3.96799994 -1.7151557490222404 -0.21628458642974838 3.038399730705515
16 139121623 01 TESS-SPOC 1800 3.96799994 -0.8220228474213092 -5.003620649074782 2.41499860835545
16 139121623 27 TESS-SPOC 600 3.96799994 -1.8427866597231666 -0.07889925399686931 2.348387323947884
16 139121623 28 TESS-SPOC 600 3.96799994 -1.2468228501809053 1.373644115103889 2.6468256226563147
16 139121623 68 TESS-SPOC 200 3.96799994 -1.8156134423158161 -0.024526687892092332 2.6155856702372358
17 91104738 56 SPOC 120 5.56802988 -1.8665447609262542 -0.5434539547032797 3.3523555941158167
17 91104738 83 SPOC 120 5.56802988 -1.8465199391495266 -0.41558905493244386 3.2656911873935384
17 91104738 56 TESS-SPOC 200 5.56802988 -1.8944336378573856 -0.5364350570207854 3.002404484647326
19 16880539 57 SPOC 120 5.30579996 -1.5402685755510759 0.11480542806845045 2.635297951086969
19 16880539 84 SPOC 120 5.30579996 -1.8187804746655876 0.42026436993746613 2.2213760809264587
19 16880539 57 TESS-SPOC 200 5.30579996 -1.6963877308395876 -0.02545368240357386 2.4929196711470842
25 49907986 04 TESS-SPOC 1800 10.8373003 -0.08086640955274779 0.7404492930698305 2.2812563350211588
25 49907986 31 TESS-SPOC 600 10.8373003 -0.10404892262131471 0.023226923460732768 2.226566705197018
26 267942318 17 SPOC 120 6.78989983 -1.6240949631956287 -0.2831058904113851 3.1593657534132444
26 267942318 17 TESS-SPOC 1800 6.78989983 -1.5523316145320656 -0.17339233026108683 2.036309430379521
26 267942318 57 TESS-SPOC 200 6.78989983 -1.8221084041469922 -0.21681723895857732 2.7729452264263115
27 431603831 57 TESS-SPOC 200 9.59060001 -2.1794037607490213 -0.17265668890966945 2.362897024077376
29 207205231 04 SPOC 120 3.48300004 -1.6487434499839089 0.08680781797505371 2.9500954654158695
29 207205231 02 SPOC 120 3.48300004 -1.7962997072172695 -0.3224965456002704 3.098683876588909
29 207205231 03 SPOC 120 3.48300004 -1.6199697138727578 -0.15890363593666032 3.213951216605459
29 207205231 29 SPOC 120 3.48300004 -1.7843752111893336 -0.25539927211393726 2.7637267801670706
29 207205231 30 SPOC 120 3.48300004 -1.9564914666158313 -0.14750313353229627 2.5338854560538584
29 207205231 69 SPOC 120 3.48300004 -1.7712152431794332 -0.5307506602229243 3.2366472870805287
29 207205231 04 TESS-SPOC 1800 3.48300004 -1.6775546655655733 -1.0239258317883946 2.000087830783456
29 207205231 02 TESS-SPOC 1800 3.48300004 -1.683829052973006 -1.2379750591815624 2.3840324545684703
29 207205231 03 TESS-SPOC 1800 3.48300004 -1.6889259697281245 0.0787505474700575 2.3209638970572386
29 207205231 30 TESS-SPOC 600 3.48300004 -1.6648196257388201 -1.2286039024037991 2.61177531098807
29 207205231 29 TESS-SPOC 600 3.48300004 -1.902269736730846 -0.4001464837380552 2.6179138564135376
29 207205231 69 TESS-SPOC 200 3.48300004 -1.6797464780801625 -0.21877834148224948 2.9238819273804237
31 296974016 63 TESS-SPOC 200 7.92959023 -2.1011357558785 -0.055899658063236685 2.2402207849841074
34 388201470 01 SPOC 120 6.6795001 -1.7218350658160793 -0.07851091341761385 3.0199710872558936
34 388201470 13 SPOC 120 6.6795001 -0.8057951284666915 0.6540235691154409 2.7964907153874745
34 388201470 12 SPOC 120 6.6795001 -1.1742518152225492 -0.21118311475953802 2.7957344489364653
34 388201470 01 TESS-SPOC 1800 6.6795001 -1.8829163232877995 -0.7788612668768957 1.9663224529452712
34 388201470 13 TESS-SPOC 1800 6.6795001 -1.3697732576844615 -0.16848650305144713 2.165301232180449
34 388201470 12 TESS-SPOC 1800 6.6795001 -1.3761933343995156 -0.5318550609141913 2.017376506723175
34 388201470 67 TESS-SPOC 200 6.6795001 -1.796749516612695 -0.13516983956249268 2.174125906621827
34 388201470 66 TESS-SPOC 200 6.6795001 -1.8599554442220203 -0.13672331037057808 2.9850629025475652
34 388201470 65 TESS-SPOC 200 6.6795001 -1.5570209461800628 0.4744190146732 2.9351634855526485
34 388201470 68 TESS-SPOC 200 6.6795001 -1.5334024661521355 0.3721056996376036 2.7017883590609624
35 95749776 08 SPOC 120 4.17104006 -1.7155263758367072 -0.18002566800065256 2.3037138141885096
35 95749776 34 SPOC 120 4.17104006 -1.247317681262833 0.022024570448835004 2.751779566566281
35 95749776 61 SPOC 120 4.17104006 -1.5962557644589603 0.07557302712519841 2.877533234138933
35 95749776 88 SPOC 120 4.17104006 -1.7661437437257943 -0.24174844970780052 2.717241321567685
35 95749776 08 TESS-SPOC 1800 4.17104006 -1.9174813087648348 -0.2407365229629933 2.1149777699536587
35 95749776 34 TESS-SPOC 600 4.17104006 -1.7418747215359949 -0.04578799508941755 2.1706287849191566
35 95749776 61 TESS-SPOC 200 4.17104006 -1.5263560826181917 0.12933694332826337 2.7315625274432986
36 397059905 46 SPOC 120 3.62671995 -1.1678085932419928 -0.05501655282141095 2.9858970710985187
36 397059905 46 TESS-SPOC 600 3.62671995 -1.144045740679442 -0.4552534571402427 2.4859455152658314
38 264413925 71 TESS-SPOC 200 7.52750015 -1.4579849070301556 -0.08382459288716577 2.985423567993937
38 264413925 72 TESS-SPOC 200 7.52750015 -1.5021312083324594 0.024700562984006035 2.5578525801722005
39 310965252 20 SPOC 120 4.87960005 -0.5612188785247273 0.2127300991234431 2.7640610670951857
39 310965252 14 SPOC 120 4.87960005 -1.3285377450706455 -0.3483036032107697 3.2110202955056977
39 310965252 21 SPOC 120 4.87960005 -1.8284773022841658 -0.44103789762960033 2.541365295668595
39 310965252 47 SPOC 120 4.87960005 -1.8097291764909014 -0.5595932561234568 3.024571436828611
39 310965252 41 SPOC 120 4.87960005 -1.1949546681997418 0.614111915381782 2.7429505069727598
39 310965252 40 SPOC 120 4.87960005 -1.7161804938783678 -0.33004908416355977 3.1411842595735737
39 310965252 48 SPOC 120 4.87960005 -1.5633643353987252 0.018523986416282976 2.6423745058482537
39 310965252 75 SPOC 120 4.87960005 -1.253046980191549 0.1461538184894058 2.6710506838309334
39 310965252 74 SPOC 120 4.87960005 -1.670347671813589 -0.12563101653768685 2.5513518436648015
39 310965252 14 TESS-SPOC 1800 4.87960005 -0.2184094784145051 0.29601702161605914 1.7193257448625723
39 310965252 20 TESS-SPOC 1800 4.87960005 -0.7829756884948993 -7.145417118448822 2.4004879226577733
39 310965252 21 TESS-SPOC 1800 4.87960005 -0.4029638470571251 -18.14845696916462 2.4209712720200027
39 310965252 40 TESS-SPOC 600 4.87960005 -1.9139003779210095 -0.5272762666491593 2.7006510672936654
39 310965252 41 TESS-SPOC 600 4.87960005 -1.4784715271624498 -0.15899998963910164 2.688592101221829
39 310965252 47 TESS-SPOC 600 4.87960005 -1.6817804121218864 -0.33545215870718875 2.6709359882092416
39 310965252 48 TESS-SPOC 600 4.87960005 -1.1765066904228678 -8.31022452124483 2.8792494220321636
42 136887637 05 SPOC 120 4.32999992 -1.5482139230941474 -0.07121814692679027 2.9499287653902084
42 136887637 31 SPOC 120 4.32999992 -1.4605490115515993 0.15744831450625937 2.57196048711304
42 136887637 05 TESS-SPOC 1800 4.32999992 -1.5522012414284747 -1.112649508879973 2.3740223888212464
42 136887637 31 TESS-SPOC 600 4.32999992 -2.3300177691176533 -0.9627909733579407 1.7375414186262652
43 9378824 22 SPOC 120 3.2841301 -2.6357503932664503 -0.17076971630239735 2.266719615464577
43 9378824 48 SPOC 120 3.2841301 -1.4532193150324624 0.09024765689935847 2.8821953426505407
43 9378824 22 TESS-SPOC 1800 3.2841301 -1.6662819460603417 -0.4816870113227365 1.4948954396274328
43 9378824 48 TESS-SPOC 600 3.2841301 -0.6215301598576307 -1.037034511101847 2.7510095149562375
48 319359575 46 SPOC 120 2.78390002 -1.8114661945521315 -0.2429112649913703 2.842359428723671
48 319359575 46 TESS-SPOC 600 2.78390002 -1.9100837851973769 -0.4978982507858869 2.6903291599726997
49 94748223 71 SPOC 20 6.22539997 -1.2299797437292281 -0.11427234296935314 3.3805833721881093
49 94748223 72 SPOC 20 6.22539997 -1.2705867480418604 -0.07069488622267464 3.38930511628897
49 94748223 71 SPOC 120 6.22539997 -1.209668264990939 -0.23054736228093892 2.923337264706879
49 94748223 72 SPOC 120 6.22539997 -1.3464385727978587 -0.43835724359448675 2.9537989907093603
49 94748223 71 TESS-SPOC 200 6.22539997 -1.651982300765542 -0.2563349109030878 2.674264554456853
49 94748223 72 TESS-SPOC 200 6.22539997 -1.2580803120358555 0.43161595445851 2.976954254003254
51 392486056 19 SPOC 120 2.87968993 -1.7245401666466675 -0.2835096088248431 2.9712755621532487
51 392486056 59 SPOC 120 2.87968993 -1.9227204728902134 -0.24194959633605362 2.7704263331969834
51 392486056 86 SPOC 120 2.87968993 -1.8994742846431403 -0.15460986410957073 2.648199893851263
51 392486056 19 TESS-SPOC 1800 2.87968993 -1.644093716891282 -0.7815999070401412 2.0089972226539325
51 392486056 59 TESS-SPOC 200 2.87968993 -1.7240831263709677 -0.6238458321535051 3.1030019041627677
92 328936362 60 TESS-SPOC 200 12.32159996 -0.8475214397542306 0.18246301511503424 2.5541745358927193
92 328936362 59 TESS-SPOC 200 12.32159996 -1.8310402410266986 0.028675167201130728 2.5823304565567793
100 257439320 56 TESS-SPOC 200 11.9222002 -1.432975346573351 -0.05257684125636625 2.1263295342995794
108 367069420 57 TESS-SPOC 200 11.45390034 -1.8912994938385923 -0.1583099862407626 2.3628920748122737
108 367069420 59 TESS-SPOC 200 11.45390034 -1.4356726473798684 -0.03216215121367515 2.3418705710307033
111 26465548 72 TESS-SPOC 200 11.40060043 -1.2958496489739617 -0.03617569076071049 1.7736108299493973
112 303768976 71 TESS-SPOC 200 11.37839985 -3.037679314729559 -0.0069983022144084715 1.5194240606233989
114 165664782 64 TESS-SPOC 200 11.28619957 -2.6806370639558943 -0.039875595722548354 1.7479254330972285
115 155999551 23 SPOC 120 11.2098999 -0.047236743304251094 0.08329358387262459 2.598926634036913
115 155999551 24 SPOC 120 11.2098999 -0.0375313892793205 -4.045616884154849 3.652106458394078
115 155999551 23 TESS-SPOC 1800 11.2098999 -0.14218321763389707 -0.7957569051867549 2.0907949329667903
115 155999551 24 TESS-SPOC 1800 11.2098999 -0.3290251489634142 -0.2174729513186706 1.8742648767939125
115 155999551 50 TESS-SPOC 600 11.2098999 -0.02199301447768246 -3.3484664099981494 2.939455470971924
115 155999551 51 TESS-SPOC 600 11.2098999 -0.22384903661379044 -0.12188510255600866 2.7219581022315227
120 415734103 60 TESS-SPOC 200 11.0546999 -1.6812513636576971 0.020238467843492106 1.9279421025642234
126 379506745 66 TESS-SPOC 200 10.66300011 -1.4477798894604494 -0.008854731691271081 1.8995056959971746
126 379506745 67 TESS-SPOC 200 10.66300011 -1.1849460681848123 -0.0619025872264428 2.0191842279011336
127 365207304 70 TESS-SPOC 200 10.66049957 -1.7801813450032575 -0.07435812151013789 2.2457025268732185
127 365207304 71 TESS-SPOC 200 10.66049957 -1.532189438764957 -0.0214459433078746 2.023745145010041
128 448741275 63 TESS-SPOC 200 10.65279961 -1.8016603301439105 0.01924421220237124 2.015151508424088
132 2351077 62 TESS-SPOC 200 10.52400017 -1.9525397254863281 -0.07367339787422265 2.1777170632814555
137 119668871 66 TESS-SPOC 200 10.34300041 -1.314051691612764 -0.06811792398302248 2.012849871641764
139 308083402 62 TESS-SPOC 200 10.30850029 -1.6011197527288474 -0.008057384106227777 1.7538836351771645
139 308083402 69 TESS-SPOC 200 10.30850029 -0.5078325352665258 -0.008365650124372761 2.621406772028828
139 308083402 65 TESS-SPOC 200 10.30850029 -2.0628743518229338 -0.047511875439760466 1.7312773886239474
139 308083402 64 TESS-SPOC 200 10.30850029 -1.3896111375063447 0.006785655307788555 2.067150893465825
139 308083402 63 TESS-SPOC 200 10.30850029 -2.245912377469723 -0.03423511567942672 1.8727777338428235
142 91913512 63 TESS-SPOC 200 10.18879986 -2.4248803374591357 -0.017034131857431155 1.872772332668535
142 91913512 64 TESS-SPOC 200 10.18879986 -2.897411625612629 -0.038317975057607465 1.7177618206015257
143 74646293 66 TESS-SPOC 200 10.11559963 -1.8065514498898518 -0.06690483930370902 2.2423597427097355
144 144914450 64 TESS-SPOC 200 10.10099983 -2.9351147324953017 -0.031182368826261776 2.010407966745536
148 177624958 65 TESS-SPOC 200 9.96510029 -2.3373222165307532 -0.029260576913657584 1.8835882600153935
149 387272356 60 TESS-SPOC 200 9.95170021 -1.7618925717891514 -0.19426487151415592 2.7270222842856593
149 387272356 58 TESS-SPOC 200 9.95170021 -1.9314397305271438 -0.3819519042314381 3.161341128792382
154 233045313 60 TESS-SPOC 200 9.83880043 -1.5948478032385902 -0.0048359587606674765 2.323108596339557
154 233045313 56 TESS-SPOC 200 9.83880043 -2.2989042959463846 -0.092459360385547 2.0530893793032474
154 233045313 59 TESS-SPOC 200 9.83880043 -2.262222058469416 -0.056889251197487126 2.015817653013702
155 36695189 70 SPOC 120 9.82139969 -1.735898469086506 -0.11390016125644815 2.650766643398112
155 36695189 70 TESS-SPOC 200 9.82139969 -1.8003498210108744 -0.1489332822210954 2.573332120843325
156 15735094 70 TESS-SPOC 200 9.78843021 -0.7941994094922085 0.0010737525062447344 2.252906984693531
156 15735094 71 TESS-SPOC 200 9.78843021 -0.7246604854728196 -0.021107436052217553 2.0212770080642892
158 72980626 61 TESS-SPOC 200 9.73649979 -1.9582335285560892 -0.14546808064942518 2.4379466369810414
160 311111531 66 TESS-SPOC 200 9.66409969 -1.5685643888153298 -0.020898907039017013 1.9324904000988168
162 31233320 67 SPOC 120 9.63300037 -2.095765756744887 -0.032537488482660984 2.0188494535026473
162 31233320 67 TESS-SPOC 200 9.63300037 -1.852473680733099 -0.09023302548488807 2.0197616475604483
165 4385592 60 TESS-SPOC 200 9.50819969 -1.8280313093636005 0.33000085842092347 2.9355314814853934
165 4385592 71 TESS-SPOC 200 9.50819969 -1.4761322822304381 -0.819120419355523 3.189793240140777
165 4385592 72 TESS-SPOC 200 9.50819969 -1.283459333304136 -0.08256260357934485 2.6800263542968312
167 5574643 63 TESS-SPOC 200 9.46249962 -2.928708377978141 -0.035120367582232886 1.7517940623732071
168 277595145 67 TESS-SPOC 200 9.42020035 -2.485311066079293 -0.06011891511885218 2.0198890807125838
169 142987946 63 TESS-SPOC 200 9.41250038 -1.698047765724782 0.3394926955204883 2.810917265805342
170 72406617 72 TESS-SPOC 200 9.38809967 -1.334778739373079 0.22971042319665508 2.409579462337626
171 25118602 65 TESS-SPOC 200 9.3743 -1.7408886152987142 -0.10040409438228763 2.362926407987855
171 25118602 66 TESS-SPOC 200 9.3743 -1.7113652081430202 -0.06351219513115819 2.4243380584104117
171 25118602 68 TESS-SPOC 200 9.3743 -1.7276059184958692 -0.03734641963732802 2.354219188925899
171 25118602 64 TESS-SPOC 200 9.3743 -1.8141688335217891 -0.013358628930329236 2.20337501406592
171 25118602 67 TESS-SPOC 200 9.3743 -1.7696916967733276 -0.23671808623257604 2.2466259010826697
171 25118602 62 TESS-SPOC 200 9.3743 -1.6194890421364292 0.062412460894085184 2.4379409366077147
171 25118602 61 TESS-SPOC 200 9.3743 -1.2082560407507308 0.08124747855567617 2.5758179005679853
171 25118602 63 TESS-SPOC 200 9.3743 -1.578641136664024 0.0005783308847685441 2.418818625945113
172 306983642 66 TESS-SPOC 200 9.3611002 -1.6500320001876583 -0.08487950128671705 2.1000194340720104
173 47381029 69 TESS-SPOC 200 9.33720016 -1.2746111201337662 -0.03033949227260462 2.185546978043072
176 464617913 66 TESS-SPOC 200 9.28880024 -3.021814074184738 -0.04425940833133072 1.898718706406641
176 464617913 67 TESS-SPOC 200 9.28880024 -2.2461037130680372 -0.057899054481044404 2.019183279820286
177 380542758 72 TESS-SPOC 200 9.28069973 -3.049988719754941 -0.04344877821211937 1.9306377940195778
178 142785775 60 TESS-SPOC 200 9.27180004 -1.7896240275974113 -0.13952292220268928 2.610439127703747
179 9042889 59 TESS-SPOC 200 9.26169968 -0.9018485805808958 -0.01701591626022218 1.898933006439693
181 24801020 62 TESS-SPOC 200 9.25199986 -2.061257772419028 -0.09064644141140428 2.241169718769287
185 21542223 48 SPOC 120 9.18060017 -1.924316452146555 -0.013173640967843889 2.0826551568548295
185 21542223 48 TESS-SPOC 600 9.18060017 -1.9010688556496882 -0.049929158520805615 2.0842434434423276
186 9788469 69 TESS-SPOC 200 9.17029953 -1.6646219241532119 -0.2713264048350511 3.0002858840992186
186 9788469 70 TESS-SPOC 200 9.17029953 -1.9409003515409704 -0.4802492170140368 3.163660202344217
187 149496234 72 TESS-SPOC 200 9.14400005 -2.2511290037781295 -0.056037443843690624 2.125738860455669
188 386890213 72 TESS-SPOC 200 9.14190006 -1.36288707008641 -0.0014185545803406677 2.3163362293050613
189 58227898 70 TESS-SPOC 200 9.13980007 -1.703702319149902 -0.046678049710004686 2.4801291501008556
189 58227898 71 TESS-SPOC 200 9.13980007 -1.8077388493793913 -0.3060968682331662 2.7844171951970496
190 47177223 62 TESS-SPOC 200 9.07730007 -1.730246015134457 -0.04369116653210475 2.809543358965724
191 159241821 60 TESS-SPOC 200 9.06060028 -3.4349245773856296 -0.044177015244415654 1.7705464708670058
191 159241821 59 TESS-SPOC 200 9.06060028 -2.904018030864908 0.011747948650378854 1.7464596542451742
192 382415835 69 TESS-SPOC 200 9.05130005 -2.5159221041477413 -0.07322226520067626 2.1194902231775514
194 88784758 65 TESS-SPOC 200 9.0255003 -1.3910482563646172 -0.059122495375220754 2.2787528636501757
195 425863843 68 TESS-SPOC 200 8.97840023 -1.8967562427930529 -0.5800917186629757 3.0338565538841022
195 425863843 69 TESS-SPOC 200 8.97840023 -1.9292786655568572 -0.6400145389016392 3.126665264695674
196 357475953 50 SPOC 120 8.9406004 -2.821340637929189 -0.028351769646770338 1.9885537483567697
196 357475953 51 SPOC 120 8.9406004 -2.999603776533946 -0.03581967269536609 1.9018368418612646
196 357475953 77 SPOC 120 8.9406004 -3.707938944942458 -0.039905895764029795 1.9624929492176022
196 357475953 78 SPOC 120 8.9406004 -3.162594443525685 -0.02333335528663373 1.8698955271598348
196 357475953 50 TESS-SPOC 600 8.9406004 -3.1833033606809464 -0.14884479272000783 1.877295503766469
196 357475953 51 TESS-SPOC 600 8.9406004 -2.9665690644499714 -0.15308889226591227 1.901885925161705
199 202509423 57 TESS-SPOC 200 8.90670013 -1.6467590781098218 -0.1011351442446322 2.492951561579263
200 6860178 71 TESS-SPOC 200 8.90460014 -1.5340617507574588 0.5869069229555399 2.923929279792005
200 6860178 72 TESS-SPOC 200 8.90460014 -1.873777017824829 -0.3519983516378093 3.010332415379797
203 129077819 27 SPOC 120 8.84469986 -1.6552559520346484 0.3640702351402036 3.1259483836856496
203 129077819 27 TESS-SPOC 600 8.84469986 -1.8643091580965025 -0.4106663217755494 2.679842222417556
203 129077819 67 TESS-SPOC 200 8.84469986 -1.4751320323794415 0.39110854734130945 2.5453241545359067
204 401603284 67 TESS-SPOC 200 8.80210018 -1.5654047791165706 -0.35686073818695846 2.8023257642074464
206 440729765 70 TESS-SPOC 200 8.74450016 -1.8068317023443785 0.05746238331716523 2.9049771627288186
206 440729765 71 TESS-SPOC 200 8.74450016 -1.7688455569055477 -0.12476389975473029 2.5706240747033218
208 219850271 60 TESS-SPOC 200 8.71829987 -1.766609223982616 0.02236040596086724 2.4181094781440917
208 219850271 58 TESS-SPOC 200 8.71829987 -1.8853980637039156 -0.641344447537092 3.0768318889489623
208 219850271 57 TESS-SPOC 200 8.71829987 -1.836226290031162 -0.32271940744055716 3.203857093614325
208 219850271 56 TESS-SPOC 200 8.71829987 -1.9269577393458266 -0.5462912528003079 3.105644983110136
208 219850271 59 TESS-SPOC 200 8.71829987 -1.6845042524245126 -0.009705819289373885 2.795407150450692
209 312988542 60 TESS-SPOC 200 8.71020031 -2.111177858751663 0.007353986724062861 2.0336746413930373
210 71226825 61 TESS-SPOC 200 8.70259953 -1.1763885274406325 0.3522389711127835 2.9305299341665827
212 21222271 72 TESS-SPOC 200 8.63129997 -1.8715622801109246 -0.40571446631311 2.9888078355956718
214 92653030 68 TESS-SPOC 200 8.61240005 -1.5761645559104962 0.029119382213143225 2.898356248064348
215 165559578 63 TESS-SPOC 200 8.59939957 -1.93121638930753 -0.5159995567247943 2.966316402629817
215 165559578 64 TESS-SPOC 200 8.59939957 -1.7818923691716924 -1.4530083046705025 3.1740509363168203
216 176873464 61 TESS-SPOC 200 8.59899998 -2.407844592121401 -0.013864087971629113 2.1178561743661937
216 176873464 62 TESS-SPOC 200 8.59899998 -2.2734958474049276 -0.044718799903474965 2.1838471468454155
216 176873464 63 TESS-SPOC 200 8.59899998 -2.5335579923646208 0.0316277574793258 2.084516131533807
216 176873464 64 TESS-SPOC 200 8.59899998 -2.282232746463899 -0.038981541028639446 2.0671467388218
216 176873464 68 TESS-SPOC 200 8.59899998 -2.7336097536466224 -0.058029312913965736 2.0155765461456565
216 176873464 67 TESS-SPOC 200 8.59899998 -2.333565030845196 -0.01712320494637719 2.174075329601918
216 176873464 66 TESS-SPOC 200 8.59899998 -2.433453882874735 0.001143616859374569 2.100267471355414
219 453444580 21 SPOC 120 8.53040028 -1.9744514792388819 -0.03706382708728326 2.1342060479090437
219 453444580 48 SPOC 120 8.53040028 -1.5968187504154445 -0.0752187432037594 2.224091363634426
219 453444580 74 SPOC 120 8.53040028 -1.9586380667777348 -0.049887529491459345 2.2065066958905435
219 453444580 75 SPOC 120 8.53040028 -1.913112585155609 -0.026472951990639686 2.2463704876987984
219 453444580 21 TESS-SPOC 1800 8.53040028 -0.3744929486454001 -10.535653796932428 2.421301719685854
219 453444580 48 TESS-SPOC 600 8.53040028 -1.7642166706139268 -0.07965482259265294 2.5142888774397365
221 166555111 21 SPOC 120 8.45230007 -3.0872848065234515 -0.031311340296044717 1.9725837492247986
221 166555111 21 TESS-SPOC 1800 8.45230007 -3.1954291030746313 -0.5706986542355615 1.7123948333207122
222 406278478 67 TESS-SPOC 200 8.44909954 -1.8362365418810633 -0.27082054180110426 2.627781649986476
225 75463292 66 TESS-SPOC 200 8.36709976 -1.8473821071260952 -0.33042130690850113 2.9410478989414965
227 233829187 56 TESS-SPOC 200 8.35820007 -1.9942452514822182 -0.06187024541397397 2.053089162169575
227 233829187 57 TESS-SPOC 200 8.35820007 -2.2508349514990336 -0.05703043202951037 1.8427972306787688
230 204374656 69 TESS-SPOC 200 8.27400017 -3.001157631049626 -0.05569349233885909 1.909395791925547
231 264248402 60 TESS-SPOC 200 8.27079964 -1.6507991764357 -0.05687187231838806 2.6241649640146147
231 264248402 58 TESS-SPOC 200 8.27079964 -1.8472806684018643 -0.37271888361084543 3.0768411152876336
231 264248402 57 TESS-SPOC 200 8.27079964 -1.8389891147368183 -0.30759287000401747 3.0923067764976198
231 264248402 56 TESS-SPOC 200 8.27079964 -1.1525085681116383 0.0925456538130993 2.188972835995931
231 264248402 59 TESS-SPOC 200 8.27079964 -1.4819495313272955 0.12305956097970148 3.0360689345453986
232 397514892 26 SPOC 120 8.25380039 -2.1846250167735146 -0.04644371060132903 2.009524076054011
232 397514892 58 SPOC 120 8.25380039 -1.8280074985836563 -0.011851520339516116 2.1285715870215824
232 397514892 78 SPOC 120 8.25380039 -1.6391109932124486 -0.052049508662646966 2.1366181738919563
232 397514892 26 TESS-SPOC 1800 8.25380039 -1.8028128218830308 0.27229547228157935 1.8986051753211546
232 397514892 60 TESS-SPOC 200 8.25380039 -1.0901720743953442 0.07101577130805402 2.4128649449117323
232 397514892 59 TESS-SPOC 200 8.25380039 -1.755116710191666 -0.09607967205735668 2.6323727484107535
232 397514892 58 TESS-SPOC 200 8.25380039 -1.6695950639256871 -0.13633943583441557 2.7252463518551395
233 229184037 64 TESS-SPOC 200 8.15649986 -1.7957757628045863 -0.8054904182307013 3.09522266557053
235 120504920 69 TESS-SPOC 200 8.14080048 -1.5164954807817639 0.21045807158148752 2.5975439763909645
237 79225050 67 TESS-SPOC 200 8.11240005 -1.7578727286472777 -0.3183804298690086 2.248038444445458
238 231074988 67 TESS-SPOC 200 7.98839998 -2.3924133340568905 -0.037412845100645936 2.020042833582537
238 231074988 69 TESS-SPOC 200 7.98839998 -2.327016486061043 -0.010215312715210072 2.0262883722567238
238 231074988 66 TESS-SPOC 200 7.98839998 -2.702113373277561 -0.01174759436978704 2.010360627024981
238 231074988 65 TESS-SPOC 200 7.98839998 -2.2925053083306945 0.024232008540507825 2.053622985422899
238 231074988 68 TESS-SPOC 200 7.98839998 -2.2503266902512538 -0.005778700238570758 2.107438691921678
238 231074988 63 TESS-SPOC 200 7.98839998 -2.6338302971488847 -0.020554508213561945 1.8930371246436628
238 231074988 62 TESS-SPOC 200 7.98839998 -2.5327813486314636 -0.0029940639013748553 2.0237856557379317
238 231074988 61 TESS-SPOC 200 7.98839998 -0.5107611965913953 -0.4730685970814893 1.5279931071666355
238 231074988 64 TESS-SPOC 200 7.98839998 -2.5550705695419165 -0.0076531365695055205 1.9787137178267513
241 381370719 70 TESS-SPOC 200 7.96000004 -1.805032239102445 -0.34048931789897113 2.8435134172850423
241 381370719 71 TESS-SPOC 200 7.96000004 -1.5854050698112454 -0.2434957402652648 3.1872746033332757
246 232628114 60 TESS-SPOC 200 7.88859987 -1.7935034458114378 -0.019895188629287124 2.6647739384814337
246 232628114 58 TESS-SPOC 200 7.88859987 -1.75991002907297 -0.04748560604256611 2.9646687657406097
246 232628114 57 TESS-SPOC 200 7.88859987 -1.6287072648919314 -0.23925614993367095 2.9980083879690995
246 232628114 56 TESS-SPOC 200 7.88859987 -1.4742746309341848 0.08432184627809104 2.3757534336580064
246 232628114 59 TESS-SPOC 200 7.88859987 -1.676929287973955 -0.10745181182471861 2.8143505254666814
247 129684571 57 TESS-SPOC 200 7.88759995 -0.9986814994405482 0.24023032192726845 2.17646011223806
250 374202329 56 TESS-SPOC 200 7.83370018 -1.8466128558558101 -0.2142823509889094 2.505921739795986
250 374202329 57 TESS-SPOC 200 7.83370018 -1.7055434988654092 -0.03032255650677246 2.7579566766222157
253 370204006 67 TESS-SPOC 200 7.74090004 -1.644073579928144 0.0090832525147883 2.975259334626426
255 274578622 57 TESS-SPOC 200 7.72219992 -1.854544601444381 -0.5490836177779466 3.070613853873939
256 422989548 17 SPOC 120 7.69229984 -1.311020734421701 0.3472003784526885 2.4965389010481918
256 422989548 20 SPOC 120 7.69229984 -1.0102461530502593 -0.41817614983176393 2.764064338117094
256 422989548 26 SPOC 120 7.69229984 -1.649192737455722 -0.8589853498684019 3.2143893281297893
256 422989548 25 SPOC 120 7.69229984 -1.254282238304181 0.5474588310529338 2.7747319408051907
256 422989548 23 SPOC 120 7.69229984 -1.711362874295804 -0.2290934852578027 2.6674819627266717
256 422989548 24 SPOC 120 7.69229984 -1.8570343760780919 -0.20966392138064668 2.793102518510727
256 422989548 21 SPOC 120 7.69229984 -1.8486949826814505 -0.13714539044070823 2.932324863763242
256 422989548 17 TESS-SPOC 1800 7.69229984 -1.1104129727106264 0.7479647345662638 2.1371916208313664
256 422989548 20 TESS-SPOC 1800 7.69229984 -1.372200987770799 0.28343201466551976 2.0766558867295273
256 422989548 26 TESS-SPOC 1800 7.69229984 -3.2860053658632804 2.169667856496819 2.0108159461782265
256 422989548 25 TESS-SPOC 1800 7.69229984 -1.8997361071152667 -0.024218178808899146 2.2789841012790597
256 422989548 24 TESS-SPOC 1800 7.69229984 -1.761919212272296 -0.41303606616314675 2.210976981504986
256 422989548 23 TESS-SPOC 1800 7.69229984 -1.5150910823768582 -0.04443567893817703 1.8918715194426368
256 422989548 21 TESS-SPOC 1800 7.69229984 -1.7261461145094188 -0.841175378263682 1.9756778247286968
256 422989548 60 TESS-SPOC 200 7.69229984 -1.8117678323697493 -0.20963052913217556 2.9847765767664733
256 422989548 59 TESS-SPOC 200 7.69229984 -1.6979671925150108 0.0365914459174409 2.8114841778626034
256 422989548 58 TESS-SPOC 200 7.69229984 -1.881603554757799 -0.3136001853207541 2.4961427731052797
256 422989548 56 TESS-SPOC 200 7.69229984 -1.8810858513095154 -0.4539139350836274 3.1588134956996674
256 422989548 57 TESS-SPOC 200 7.69229984 -1.859679265839594 -0.5278763270359997 3.1263164089405873
257 254091160 67 TESS-SPOC 200 7.68419981 -1.924381368597554 -0.5853774934422146 3.0167843695916425
258 455204108 61 TESS-SPOC 200 7.68179989 -1.3833353877369217 0.01579925088373609 2.473046400988668
261 451568818 66 TESS-SPOC 200 7.62960005 -1.9481108006920085 -0.5820154984158883 3.0670365011181313
261 451568818 67 TESS-SPOC 200 7.62960005 -1.9080381175615198 -0.33058400467860166 2.235744997722303
263 14445782 71 TESS-SPOC 200 7.58309984 -1.8188763111550013 -0.0579933686081457 2.677406940374264
263 14445782 72 TESS-SPOC 200 7.58309984 -1.7829883054225606 -0.14739839672588104 2.5578952841177656
264 188241000 63 TESS-SPOC 200 7.52650023 -1.9871301558414245 -0.547472913738667 2.4977240801977945
265 137805888 69 TESS-SPOC 200 7.52470016 -1.9069571921946846 -0.4859338694549019 3.0565956581416613
269 194204295 57 TESS-SPOC 200 7.44220018 -1.8618441442619964 -0.42396816085068584 3.209295637289271
270 408411255 70 TESS-SPOC 200 7.43410015 -3.136549052739161 -0.13642745576313245 2.109530766788619
272 303951100 67 TESS-SPOC 200 7.32789993 -1.857791708971397 -0.4633476360560241 3.01019874062769
272 303951100 68 TESS-SPOC 200 7.32789993 -1.4834892263231503 0.3413126203975719 2.6361483217596793
273 248344767 70 TESS-SPOC 200 7.30579996 -1.9311417843261214 -0.4718221331315061 3.1704581531945975
274 38570471 62 TESS-SPOC 200 7.23880005 -1.5325141610452664 -0.06556570448389495 2.88163114646085
277 316417053 41 SPOC 120 7.13009977 -1.8467765734674781 0.5636914982714264 3.0572602203134673
277 316417053 49 SPOC 120 7.13009977 -1.870230613664638 -0.3975738042366599 3.381222185654546
277 316417053 48 SPOC 120 7.13009977 -1.847917635608206 -0.1575276671908569 2.720313980130324
277 316417053 76 SPOC 120 7.13009977 -1.8758107338721441 -0.25719286824481136 3.0058860399837792
277 316417053 75 SPOC 120 7.13009977 -1.670569220072552 -0.07405955392664205 2.7422997017106874
277 316417053 41 TESS-SPOC 600 7.13009977 -1.6719191838497023 -1.3767401464047322 2.725826576231058
277 316417053 49 TESS-SPOC 600 7.13009977 -1.522233672525882 -0.17091318915311804 2.5108476300765648
277 316417053 48 TESS-SPOC 600 7.13009977 -1.9197000651231035 -0.3994804457147997 2.7021954756930975
278 452980210 61 TESS-SPOC 200 7.12459993 -1.5665540784154361 0.18360570697663675 2.6203774766019934
280 265304533 61 TESS-SPOC 200 7.10020018 -1.8129715235560429 0.070368998567984 2.4411894446711844
281 344220905 56 TESS-SPOC 200 7.07840014 -1.8199017580403427 -0.17069212505568787 2.878797344473036
282 327010620 58 TESS-SPOC 200 7.07630014 -1.9210432424365378 -0.7977280140820227 3.013822070400758
284 290663195 67 TESS-SPOC 200 7.05959988 -1.909143314605163 -0.32493983105952257 2.2553889908175018
287 140639569 59 TESS-SPOC 200 7.02530003 -1.7614657838922128 -0.3841101683156393 2.8038710388967587
288 344283003 70 TESS-SPOC 200 6.88969994 -1.9321323484464004 -0.4727081873885314 3.1773592332145304
290 458581443 07 SPOC 120 6.86289978 -1.3626996316873985 0.400857791855704 2.390465010639455
290 458581443 46 SPOC 120 6.86289978 -1.8304412572523963 -0.16679966949482605 2.659023696252371
290 458581443 45 SPOC 120 6.86289978 -1.5927888776697237 -0.2886513302226797 3.085756509084089
290 458581443 44 SPOC 120 6.86289978 -1.3693953814600666 0.06585227234748506 2.622076857170421
290 458581443 34 SPOC 120 6.86289978 -1.3648844652696104 0.07253446310657345 2.7149493920738275
290 458581443 71 SPOC 120 6.86289978 -1.685285193728904 0.09183348547001674 2.839487661394075
290 458581443 61 SPOC 120 6.86289978 -1.6815513338964694 0.34188700485596507 3.037921931342404
290 458581443 72 SPOC 120 6.86289978 -1.8426911970086772 -0.23342953550281903 3.020189472986974
290 458581443 88 SPOC 120 6.86289978 -1.4090296362204262 0.0709594999284346 2.8659166813685015
290 458581443 07 TESS-SPOC 1800 6.86289978 -1.4082882496080302 -0.055480496300604074 2.016637375418527
290 458581443 46 TESS-SPOC 600 6.86289978 -1.8625894326792698 -0.1921708483646945 2.5375289469852387
290 458581443 44 TESS-SPOC 600 6.86289978 -1.382316014200126 0.054980567817094976 2.7694162820244923
290 458581443 45 TESS-SPOC 600 6.86289978 -1.910457939549996 -0.41049708838175936 2.5624182348285096
290 458581443 34 TESS-SPOC 600 6.86289978 -1.9189219269458428 -0.11382253523218774 2.605834300619242
290 458581443 61 TESS-SPOC 200 6.86289978 -1.7014195111552533 0.04788925453911559 2.7301878010273857
290 458581443 71 TESS-SPOC 200 6.86289978 -1.8242054108189591 -0.18576173408881838 2.7176123134157466
290 458581443 72 TESS-SPOC 200 6.86289978 -0.9471636031162979 0.09498444169564697 2.743259797616688
293 35260243 72 TESS-SPOC 200 6.83979988 -1.6401045798575513 -0.14414175582216027 2.5293458077356936
294 78152264 62 TESS-SPOC 200 6.81029987 -1.8029090947922721 -0.21736936090071537 3.199585239724341
297 25472862 57 TESS-SPOC 200 6.66149998 -1.6299935911654586 0.12882617857164527 2.7729484250404086
299 285004409 72 TESS-SPOC 200 6.63399982 -1.8730427143116823 -0.42374572756037154 2.9545943196024442
302 55487092 60 TESS-SPOC 200 6.54279995 -1.79888028381495 -0.04392152966691322 2.5847718839455336
304 13816382 61 TESS-SPOC 200 6.48269987 -1.1818159778475548 0.3180505390336282 2.9305292350269703
305 300662518 67 TESS-SPOC 200 6.38999987 -1.8981067998383836 -0.33363620708931063 2.1920837829145583
306 231062839 69 TESS-SPOC 200 6.33839989 -1.7240956974544484 -0.46340979632822554 3.084048066289388
308 354209282 56 TESS-SPOC 200 6.14870024 -1.9169691998398717 -0.4797692380485591 3.0839094105683675
309 144002280 68 TESS-SPOC 200 6.13899994 -1.8241239405082048 0.17373061344346014 2.8889343390215796
311 219395372 06 SPOC 120 6.1157999 -1.5311443028544947 -0.32144187130078933 2.9206599497134813
311 219395372 04 SPOC 120 6.1157999 -1.4300925951402863 0.5027807646657183 3.2027748361983046
311 219395372 05 SPOC 120 6.1157999 -1.4516805680185683 -0.46134432856748364 3.1751876258130594
311 219395372 05 TESS-SPOC 1800 6.1157999 -0.7601347587929151 2.4076332762574486 2.2257380459042153
311 219395372 06 TESS-SPOC 1800 6.1157999 -1.1072287110343788 14.189034751056674 2.4397731478477445
311 219395372 04 TESS-SPOC 1800 6.1157999 -1.8610149057682859 -1.363168223912338 2.0025679790029027
312 73569673 58 SPOC 120 5.95090008 -1.3555325254546635 0.2172540936446152 2.7252129797923343
312 73569673 85 SPOC 20 5.95090008 -1.8006313189059258 -0.06181588076848759 3.1847633142946044
312 73569673 85 SPOC 120 5.95090008 -1.812387486192028 -0.07902015721008435 3.022660669928972
312 73569673 58 TESS-SPOC 200 5.95090008 -1.4903549135366616 0.09253087175699404 2.6509641797319956
313 18692866 20 SPOC 120 5.829 -0.8849364968710843 -0.05002252684789482 2.0758802000314316
313 18692866 47 SPOC 120 5.829 -1.9325653797192635 -0.4717597351488517 3.3265447641761217
313 18692866 60 SPOC 120 5.829 -1.7848490675094153 -0.18980886662061064 3.35792313837855
313 18692866 20 TESS-SPOC 1800 5.829 -1.6431712008975679 1.4568333953598853 2.213151219190608
313 18692866 47 TESS-SPOC 600 5.829 -1.9105381951528553 -0.6051244811266665 2.689395446842906
313 18692866 60 TESS-SPOC 200 5.829 -1.8383907249945288 0.003780878943493901 2.755571734359808
314 117927634 57 SPOC 120 5.80039978 -1.768585517320299 -0.3655892211784638 3.425764404458082
314 117927634 84 SPOC 20 5.80039978 -1.0468859466837348 0.26923117243806616 2.862319284688582
314 117927634 84 SPOC 120 5.80039978 -1.8187096625977124 -0.412829420411646 3.366240713221634
314 117927634 57 TESS-SPOC 200 5.80039978 -2.2046275354184846 -1.6543923883538312 2.931701591782406
315 147407408 28 SPOC 120 5.71369982 -1.3335341976798245 -0.27247704246938087 3.229570785884347
315 147407408 68 SPOC 120 5.71369982 -1.905669230842875 -0.45287685794099136 3.3517834235394064
315 147407408 28 TESS-SPOC 600 5.71369982 -1.0107010097483833 1.91089458091341 2.6827742680559745
315 147407408 68 TESS-SPOC 200 5.71369982 -1.7990063346773006 -0.16571216864690155 2.7086690435882885
316 410417579 13 SPOC 120 5.6500001 -1.0291416602337928 0.6888532861815589 2.7279588678354862
316 410417579 12 SPOC 120 5.6500001 -1.147721859488583 -0.20837642067827003 2.778955444796925
316 410417579 27 SPOC 120 5.6500001 -1.7480047026192809 0.4727411265798901 3.018612044635424
316 410417579 39 SPOC 120 5.6500001 -1.932105285483453 -0.17851479385966615 2.9009648532050183
316 410417579 67 SPOC 120 5.6500001 -1.3949274631677389 0.13418588836262732 2.877621122447602
316 410417579 65 SPOC 120 5.6500001 -1.8658442879635877 -0.2747776549410643 3.1770193362986965
316 410417579 66 SPOC 120 5.6500001 -1.4720805368393794 -0.1453350092791386 2.524885082982823
316 410417579 12 TESS-SPOC 1800 5.6500001 -1.448197370209417 -0.7844514133115126 2.0173780820429217
316 410417579 13 TESS-SPOC 1800 5.6500001 -0.9462028901788585 -0.4786254933546073 2.1653040899051224
316 410417579 27 TESS-SPOC 600 5.6500001 -1.8419761413691158 -0.7106746654137455 2.5813776661369303
316 410417579 39 TESS-SPOC 600 5.6500001 -1.909425262499557 -0.5207022217067155 2.7045460509865897
316 410417579 65 TESS-SPOC 200 5.6500001 -1.8039920157884726 -0.18685476738837548 2.9655154844161977
316 410417579 66 TESS-SPOC 200 5.6500001 -1.6243540628931603 0.31907294466445507 2.677689464715302
316 410417579 67 TESS-SPOC 200 5.6500001 -1.9670549264785635 -0.5559768756422375 2.790170624577367
317 257658027 05 SPOC 120 5.63880014 -1.8786563384334134 -0.09240341875911094 2.8369135220311024
317 257658027 31 SPOC 120 5.63880014 -1.5713289427382733 -0.08078174783827054 2.726332522647835
317 257658027 32 SPOC 120 5.63880014 -1.5317454954505638 -0.12223599095420572 2.8022524728318157
317 257658027 05 TESS-SPOC 1800 5.63880014 -2.3891584189146924 -0.44325374581835664 1.737907102791492
317 257658027 31 TESS-SPOC 600 5.63880014 -1.360949929984302 -0.0026687732534308147 2.5978794504237084
317 257658027 32 TESS-SPOC 600 5.63880014 -1.7860641107168278 -0.1508023100052827 2.4063239472836515
318 150694605 56 SPOC 120 5.6315999 -1.7406387236475345 -0.18118148811134518 3.248839111861939
318 150694605 83 SPOC 120 5.6315999 -1.827433949803475 -0.4378758545330671 3.358881714992986
318 150694605 56 TESS-SPOC 200 5.6315999 -1.8817069137640745 -0.5347309457237482 3.091279989433679
319 399118541 23 SPOC 120 5.58939981 -2.0479737378493645 -0.13441481679115747 2.1013381228584582
319 399118541 46 SPOC 120 5.58939981 -1.6792174577256456 -0.24237700443217436 2.9540514170892638
319 399118541 23 TESS-SPOC 1800 5.58939981 -1.72467910265018 0.14107495678266285 1.7502227360883433
319 399118541 46 TESS-SPOC 600 5.58939981 -1.7866965421229326 -0.5850991692765534 2.6893737692865303
320 139552896 05 SPOC 120 5.56519985 -1.8315312990956638 -0.49611525937062473 3.2141488463591408
320 139552896 32 SPOC 120 5.56519985 -1.558474862382211 -0.012016251134999897 2.872805926393264
320 139552896 05 TESS-SPOC 1800 5.56519985 -1.3270565776451209 -4.037305187945076 2.413891730922709
320 139552896 32 TESS-SPOC 600 5.56519985 -1.8686276202913852 -0.42779612527929667 2.4430531425569972
321 369660125 57 SPOC 120 5.54047012 -1.8212878519472586 -0.4738477807636265 3.245489392783097
321 369660125 84 SPOC 20 5.54047012 -1.5843613934567773 0.03778228448188997 3.508244644627129
321 369660125 84 SPOC 120 5.54047012 -1.0010333657863189 0.1845023992974073 2.8051509666798697
321 369660125 57 TESS-SPOC 200 5.54047012 -1.840534895819563 -0.3986672586901447 3.2093018962333786
322 356257320 38 SPOC 120 5.51060009 -1.4940013850497027 0.1107485672888012 2.6243450683618526
322 356257320 39 SPOC 120 5.51060009 -1.832892036665794 -0.1593346099636634 2.900968792490521
322 356257320 65 SPOC 120 5.51060009 -1.6037781027447906 -0.25807132227383844 3.227879022533349
322 356257320 66 SPOC 120 5.51060009 -1.831712250776219 -0.45565375063217184 3.0850155606930723
322 356257320 38 TESS-SPOC 600 5.51060009 -1.9569414631678792 -0.2320524469788702 2.3183375377402884
322 356257320 39 TESS-SPOC 600 5.51060009 -1.9531941399639292 -0.5035938171936126 2.6051633275786217
322 356257320 65 TESS-SPOC 200 5.51060009 -1.8878787557434908 -0.2133515358715144 2.756152768119092
322 356257320 66 TESS-SPOC 200 5.51060009 -1.6636640081709204 0.23226171705482096 2.6772881431717312
323 142591515 20 SPOC 120 5.42710018 -1.2152659405932715 -0.04041869691945249 2.1494616020371353
323 142591515 14 SPOC 120 5.42710018 -1.9637498085162892 -0.5384768983253538 2.6218477209156132
323 142591515 21 SPOC 120 5.42710018 -1.8709549056889894 -0.0685721110261735 2.13418654956526
323 142591515 47 SPOC 120 5.42710018 -1.7437650109700384 -0.2677287807799415 3.1061109943032856
323 142591515 41 SPOC 120 5.42710018 -0.8641265850496714 0.453088217985576 2.5787991532082586
323 142591515 40 SPOC 120 5.42710018 -0.7535711938436608 0.3134715182472497 2.407311713035234
323 142591515 60 SPOC 120 5.42710018 -1.9896615438185474 -0.29207899780564794 3.0638664462133436
323 142591515 48 SPOC 120 5.42710018 -1.4464995289826834 -0.018120459556641114 2.569433692777765
323 142591515 75 SPOC 120 5.42710018 -1.5335765450740992 -0.0032166581527105676 2.3387290215302095
323 142591515 74 SPOC 120 5.42710018 -1.5516902694374648 0.025612533761688414 2.1436810969166737
323 142591515 20 TESS-SPOC 1800 5.42710018 -1.0297024650221485 -1.3050970459303977 2.36067816942938
323 142591515 14 TESS-SPOC 1800 5.42710018 -1.4105029692203135 -1.3640940929319487 2.205091572963559
323 142591515 21 TESS-SPOC 1800 5.42710018 -0.7311264478344758 -15.876889204605723 2.4213042757914107
323 142591515 40 TESS-SPOC 600 5.42710018 -1.1572543406843898 0.0506487926048999 2.0486417796238885
323 142591515 41 TESS-SPOC 600 5.42710018 -1.9309668505324367 -0.5477335245331623 2.688704324163135
323 142591515 47 TESS-SPOC 600 5.42710018 -1.6937972079232106 -0.2712219345602265 2.5554924637324636
323 142591515 60 TESS-SPOC 200 5.42710018 -1.8256491185708932 -0.326314196088318 2.864405485167088
323 142591515 48 TESS-SPOC 600 5.42710018 -0.9739474868469846 -6.510527814788993 2.879368272685494
325 310627323 25 SPOC 120 5.36210012 -1.2581869973440687 -0.044818407320287745 2.4465573734407564
325 310627323 51 SPOC 120 5.36210012 -1.733083013866025 0.022306581197002604 2.8847140947706253
325 310627323 52 SPOC 120 5.36210012 -1.7562770553882132 -0.07822764068975134 2.532259492622335
325 310627323 78 SPOC 120 5.36210012 -1.8473897450754537 0.05514544983319078 3.100324234901003
325 310627323 79 SPOC 120 5.36210012 -1.706438191591347 0.23122506322830338 2.9021815214461237
325 310627323 25 TESS-SPOC 1800 5.36210012 -2.5383675700842403 -0.5092595903471002 1.7354364169346863
325 310627323 51 TESS-SPOC 600 5.36210012 -1.9535240136691108 -0.6076866144902955 2.71995555851544
325 310627323 52 TESS-SPOC 600 5.36210012 -1.8494289789468286 -0.406923761142055 2.7435702027629025
326 240161571 20 SPOC 120 5.35200024 -1.3756445885911042 -0.01603110044320963 3.1012398975686475
326 240161571 44 SPOC 120 5.35200024 -1.845056255189467 -0.19733998591504512 3.425882470821808
326 240161571 45 SPOC 120 5.35200024 -1.907188103599352 -0.35431845760433667 3.351427790671909
326 240161571 71 SPOC 120 5.35200024 -1.6531957623931695 -0.12900529021385787 3.073977149366988
326 240161571 72 SPOC 120 5.35200024 -1.549474107071387 0.6702480597509741 2.7149442051064727
326 240161571 20 TESS-SPOC 1800 5.35200024 -1.4821690261592968 1.6319156972552356 2.213156639916463
326 240161571 44 TESS-SPOC 600 5.35200024 -1.8915491253152645 -0.4440127396029747 2.709457404639207
326 240161571 45 TESS-SPOC 600 5.35200024 -1.96555464328346 -0.5357997874188245 2.6819358500786716
326 240161571 71 TESS-SPOC 200 5.35200024 -1.4745956789685197 0.3478401105971307 2.917708837680608
326 240161571 72 TESS-SPOC 200 5.35200024 -1.893333298021366 -0.4132274146028005 2.9335325988855088
327 44486489 17 SPOC 120 5.28469992 -1.5149212387772497 0.02224468906054602 2.260542249667861
327 44486489 57 SPOC 120 5.28469992 -1.7643991434459463 -0.06209006387698059 3.2199156618277627
327 44486489 84 SPOC 120 5.28469992 -1.34712734037491 0.037588906917816585 2.27637196335873
327 44486489 17 TESS-SPOC 1800 5.28469992 -1.583103343783879 -0.330959462541147 2.0367008091238015
327 44486489 57 TESS-SPOC 200 5.28469992 -1.8262772401553944 -0.3429024326044656 3.145449058496147
328 159331270 14 SPOC 120 5.14919996 -1.2800887632704632 -0.3091550468212081 3.2052225962131793
328 159331270 20 SPOC 120 5.14919996 -1.005256876138229 0.03463471236763777 2.075879228069118
328 159331270 19 SPOC 120 5.14919996 -1.223569547674187 0.3250290882111601 2.80358305555376
328 159331270 15 SPOC 120 5.14919996 -1.6448620976582693 -0.021732640601251674 2.5054581775096345
328 159331270 26 SPOC 120 5.14919996 -1.9738618127061602 -0.15243455629265498 2.9033012264560503
328 159331270 21 SPOC 120 5.14919996 -1.8465215435143847 0.06480727869892425 2.060914671957256
328 159331270 40 SPOC 120 5.14919996 -1.9360852469950596 -0.13516624705532648 3.086346357023844
328 159331270 47 SPOC 120 5.14919996 -1.8376335296604962 -0.007764538381317361 3.068007783483924
328 159331270 41 SPOC 120 5.14919996 -0.8564746059161606 0.4057436691483478 2.688388106388891
328 159331270 60 SPOC 120 5.14919996 -1.6423402528772124 -0.006941838348220419 2.884655365057734
328 159331270 59 SPOC 120 5.14919996 -1.814661635020044 -0.024641205245609612 3.2757806226453927
328 159331270 53 SPOC 120 5.14919996 -1.1519722827278014 1.0892807636532014 3.2911358027018536
328 159331270 52 SPOC 120 5.14919996 -1.7675237579633933 0.08074064418088141 3.140652581511831
328 159331270 48 SPOC 120 5.14919996 -1.6154874728145272 -0.30155777050777544 2.9036748352762185
328 159331270 73 SPOC 120 5.14919996 -1.5701133969582306 -0.02360163108522494 2.4613886216553102
328 159331270 79 SPOC 120 5.14919996 -1.8991099651178338 -0.2824760005512344 2.878334530524936
328 159331270 82 SPOC 120 5.14919996 -1.760960201012929 0.2938880948348686 3.0609732078113137
328 159331270 75 SPOC 120 5.14919996 -1.2484074302514845 0.18031994667123383 2.758409744893593
328 159331270 20 TESS-SPOC 1800 5.14919996 -0.5599707525529649 -7.661644447050724 2.400494483475598
328 159331270 15 TESS-SPOC 1800 5.14919996 -1.9149506730149044 -0.8243118018845434 1.992459308510508
328 159331270 14 TESS-SPOC 1800 5.14919996 -0.17891848615492667 0.14764921336999645 1.7193246015681047
328 159331270 19 TESS-SPOC 1800 5.14919996 -1.8888207874122231 -0.4990961530888325 2.010805857996832
328 159331270 21 TESS-SPOC 1800 5.14919996 -1.1661786922789747 -0.4040964908966856 2.2533564625811824
328 159331270 26 TESS-SPOC 1800 5.14919996 -3.0596443628258774 -1.03074605130784 1.8982466846967225
328 159331270 40 TESS-SPOC 600 5.14919996 -1.9205317177191574 -0.5438258493535851 2.682507462012221
328 159331270 41 TESS-SPOC 600 5.14919996 -1.9089158274015772 -0.4019025589256302 2.688592324809179
328 159331270 47 TESS-SPOC 600 5.14919996 -1.7799042945900097 -0.6472229243742618 2.5561793659574557
328 159331270 60 TESS-SPOC 200 5.14919996 -1.7918336161560817 -0.06468355691311137 2.522876617736785
328 159331270 59 TESS-SPOC 200 5.14919996 -1.7026922411083836 -0.36854570799405106 2.8053618220694214
328 159331270 53 TESS-SPOC 600 5.14919996 -1.922685102722131 -0.6580602180489451 2.6055947040489005
328 159331270 52 TESS-SPOC 600 5.14919996 -1.8982816182860212 -0.4442555874241247 2.7046204749030776
328 159331270 48 TESS-SPOC 600 5.14919996 -1.6136737487007384 -0.5246339429448605 2.79338084177449
329 146471505 05 SPOC 120 4.99499989 -1.867852368606745 -0.23945461536681767 3.2599861979835154
329 146471505 32 SPOC 120 4.99499989 -1.8826406003674527 0.08625494174094153 2.8870057360544217
329 146471505 05 TESS-SPOC 1800 4.99499989 -2.7318970562420826 2.019864225336584 2.0000761252541692
329 146471505 32 TESS-SPOC 600 4.99499989 -1.3674588208819805 -2.6795387427710136 2.874593963668265
330 29414180 24 SPOC 120 4.98619986 -0.8528265278604465 0.3187206666919572 2.6702777692336848
330 29414180 25 SPOC 120 4.98619986 -1.1492014295122222 -0.2305257512236042 3.0288399040644336
330 29414180 78 SPOC 120 4.98619986 -1.6896295248598312 0.19333354573110959 2.9846188046797586
330 29414180 24 TESS-SPOC 1800 4.98619986 -1.774351118426256 -0.1312975067722478 2.265887802360924
330 29414180 25 TESS-SPOC 1800 4.98619986 -1.6943393629212107 0.19718755101440266 2.279347603871517
332 23676007 23 SPOC 120 4.90799999 -1.7147204763839887 -0.33208975990402734 2.8916431688731636
332 23676007 49 SPOC 120 4.90799999 -1.78144957749117 -0.0990398067093021 2.542699938132147
332 23676007 50 SPOC 120 4.90799999 -1.655112688837986 -0.14412310465151865 2.765407042415235
332 23676007 23 TESS-SPOC 1800 4.90799999 -1.1295168383553968 -0.3430286382058396 2.117694869593515
332 23676007 49 TESS-SPOC 600 4.90799999 -1.3305770095230698 -0.238660921117412 2.547752116978484
332 23676007 50 TESS-SPOC 600 4.90799999 -1.938000081811607 -0.3180216742421246 2.7133056537897824
333 307985697 14 SPOC 120 4.88990021 -1.654516241926169 -0.36394396238107174 2.6218547716206944
333 307985697 15 SPOC 120 4.88990021 -1.5019134997579584 -0.15417810043559843 2.2716434228351843
333 307985697 16 SPOC 120 4.88990021 -1.7839312461162427 0.06604659342089737 2.853012510649834
333 307985697 17 SPOC 120 4.88990021 -1.312461385319445 0.5063915803537196 2.3402027638196503
333 307985697 18 SPOC 120 4.88990021 -2.080143904223986 -0.6692037376253882 2.6656753806413436
333 307985697 19 SPOC 120 4.88990021 -1.3711982614449305 0.07410270818394891 2.7927523672000922
333 307985697 25 SPOC 120 4.88990021 -1.5454003350752274 -0.3282543901641462 3.080569951747124
333 307985697 24 SPOC 120 4.88990021 -1.1313424270168926 0.38595020808432523 2.836668807902508
333 307985697 21 SPOC 120 4.88990021 -1.9259013400777576 -0.27724077845753403 2.7310102032703667
333 307985697 22 SPOC 120 4.88990021 -1.3839774423858107 0.006340121427234812 2.2151484536936845
333 307985697 23 SPOC 120 4.88990021 -1.730458119355484 -0.30383316558370577 2.667490024416791
333 307985697 26 SPOC 120 4.88990021 -1.7106800040805077 -0.18430497135059706 2.7715398469843406
333 307985697 40 SPOC 120 4.88990021 -1.7055011157059392 0.061289750141726135 2.7004762827266973
333 307985697 41 SPOC 120 4.88990021 -1.3557948138361833 0.7710720358140303 2.8064026418939374
333 307985697 47 SPOC 120 4.88990021 -1.8595553691157936 -0.4175829368944588 3.361354112915531
333 307985697 58 SPOC 120 4.88990021 -1.9002265127867863 -0.4279818253130288 3.325954869367073
333 307985697 57 SPOC 120 4.88990021 -1.7514307588284845 -0.24817863633002415 3.2354342185133533
333 307985697 56 SPOC 120 4.88990021 -1.0618791958143474 0.04569432901433744 2.188962978619906
333 307985697 55 SPOC 120 4.88990021 -1.7273910526065637 -0.22698671765802247 3.150867271958582
333 307985697 54 SPOC 120 4.88990021 -1.7356882968741678 0.3865487048996333 3.019600995360651
333 307985697 53 SPOC 120 4.88990021 -1.2324036621804226 3.043799376016376 3.1869500948795335
333 307985697 52 SPOC 120 4.88990021 -1.9076491252554308 -0.07182527295821196 2.82745193559785
333 307985697 51 SPOC 120 4.88990021 -1.436996259320875 0.6229829194306177 2.6364257013556074
333 307985697 49 SPOC 120 4.88990021 -1.84775235018081 -0.41688947468600773 3.1924273476645832
333 307985697 48 SPOC 120 4.88990021 -1.5873669823127516 -0.06888762978962086 2.1613951523265937
333 307985697 60 SPOC 120 4.88990021 -1.727612271159515 -0.0511877996117831 2.851363377530554
333 307985697 59 SPOC 120 4.88990021 -1.8463821487373966 -0.237361460714708 3.2615437789746715
333 307985697 84 SPOC 20 4.88990021 -1.0078006740303351 0.3686785990845196 2.9007607302161937
333 307985697 85 SPOC 20 4.88990021 -1.6111234252783249 0.1504229290977427 2.8798742066803995
333 307985697 86 SPOC 20 4.88990021 -1.7916733407350331 -0.06682890777778598 2.985701852000081
333 307985697 86 SPOC 120 4.88990021 -1.8157046873568508 0.1006016735311147 2.9338777611006277
333 307985697 74 SPOC 120 4.88990021 -1.8163046671814511 -0.013546387860402158 2.6667736279504157
333 307985697 84 SPOC 120 4.88990021 -1.8049052693483911 -0.1867061860106339 3.267648227980721
333 307985697 83 SPOC 120 4.88990021 -1.5637383848871669 0.2919788613650875 2.7874160968671564
333 307985697 82 SPOC 120 4.88990021 -0.9976826924440211 0.3279768740874311 2.6597527351686403
333 307985697 80 SPOC 120 4.88990021 -1.7983502102850033 -0.3507040727676869 3.0068085760080936
333 307985697 85 SPOC 120 4.88990021 -1.9062706478791838 -0.3002001129428547 3.067123919856169
333 307985697 78 SPOC 120 4.88990021 -2.5513991275258947 -0.03288630433737106 2.2279569291530072
333 307985697 76 SPOC 120 4.88990021 -1.9238913010053336 -0.23790152926777147 2.925646259579245
333 307985697 75 SPOC 120 4.88990021 -1.897265789429496 -0.15872649527451133 3.1084679315177026
333 307985697 79 SPOC 120 4.88990021 -1.7211005119291725 -0.04319543308107735 2.063894409458103
333 307985697 17 TESS-SPOC 1800 4.88990021 -1.86783725889952 -0.5224696896310276 2.225010862965948
333 307985697 19 TESS-SPOC 1800 4.88990021 -1.698160764352555 -0.5471773528869766 2.014787925129171
333 307985697 14 TESS-SPOC 1800 4.88990021 -0.7061481991499438 -0.04236521666459975 1.7189932768569487
333 307985697 15 TESS-SPOC 1800 4.88990021 -1.5017285867762356 0.46291190600618365 2.2445494524069782
333 307985697 16 TESS-SPOC 1800 4.88990021 -2.062533527714408 -0.9929234832108149 1.9150627315452848
333 307985697 18 TESS-SPOC 1800 4.88990021 -1.5746111751872582 -0.7492026601067684 1.9304998322964955
333 307985697 26 TESS-SPOC 1800 4.88990021 -2.066447346405513 -1.756306393333713 2.010452316747158
333 307985697 24 TESS-SPOC 1800 4.88990021 -1.5440173148480483 -0.12636156221550782 2.3581053838767234
333 307985697 23 TESS-SPOC 1800 4.88990021 -1.8695557270318721 -0.09869158582068352 1.740757784997842
333 307985697 22 TESS-SPOC 1800 4.88990021 -2.146962800027334 -0.2535762450892765 1.9910734420946683
333 307985697 21 TESS-SPOC 1800 4.88990021 -0.11459047862455127 -19.125758811978546 2.423623799777176
333 307985697 25 TESS-SPOC 1800 4.88990021 -1.7732110422703964 0.34665023936049444 2.279342344367671
333 307985697 40 TESS-SPOC 600 4.88990021 -1.9078363478285045 -0.3157301147614525 2.623161948888633
333 307985697 41 TESS-SPOC 600 4.88990021 -1.6608467839509813 0.25533199197391726 2.688713296318305
333 307985697 47 TESS-SPOC 600 4.88990021 -1.964892592227241 -0.5556487008499789 2.6781358363703647
333 307985697 60 TESS-SPOC 200 4.88990021 -1.7587314501657987 0.036600913311850086 2.418107049482178
333 307985697 59 TESS-SPOC 200 4.88990021 -1.7211226826478219 0.10514369669672217 2.7953251011922213
333 307985697 58 TESS-SPOC 200 4.88990021 -1.847343998162815 -0.5678654009274064 3.1290559674672824
333 307985697 57 TESS-SPOC 200 4.88990021 -1.7895163671524126 -0.5494394422988838 3.163846568444348
333 307985697 56 TESS-SPOC 200 4.88990021 -1.8337320664619037 -0.29774358559418007 2.8787970754345067
333 307985697 55 TESS-SPOC 600 4.88990021 -1.798084426710339 -1.1621442198156282 2.6389562976965784
333 307985697 48 TESS-SPOC 600 4.88990021 -1.3548851109931384 -5.451201204158571 2.879120094990366
333 307985697 49 TESS-SPOC 600 4.88990021 -1.9429359232880232 -0.5240913847334688 2.671396393111316
333 307985697 51 TESS-SPOC 600 4.88990021 -1.6455772679097742 -0.3692084834629836 2.295598711929134
333 307985697 52 TESS-SPOC 600 4.88990021 -1.9459084418884414 -0.7312174687532327 2.5890698565215926
333 307985697 53 TESS-SPOC 600 4.88990021 -1.9225095848173088 -0.2755039397924574 2.695496389169909
333 307985697 54 TESS-SPOC 600 4.88990021 -1.7786460271706284 -2.4363685706449187 2.7134188186805774
334 23815594 23 SPOC 120 4.83179998 -0.9966883382817663 -0.11437406082175246 2.1118771800843747
334 23815594 50 SPOC 120 4.83179998 -1.906178509191069 -0.5818961653831631 3.2434459946194587
334 23815594 77 SPOC 120 4.83179998 -1.413224111113492 -3.9528075868080808 3.6516969011248226
334 23815594 23 TESS-SPOC 1800 4.83179998 -1.8782264685579357 -0.280893935471724 1.5252927221329076
334 23815594 50 TESS-SPOC 600 4.83179998 -1.9484974169706604 -0.44007659898420975 2.694349061594676
336 149018345 02 SPOC 120 4.74700022 -1.747442411417363 -0.3291896516327414 2.8080022366800668
336 149018345 29 SPOC 120 4.74700022 -1.8081173671865547 -0.4643128867907605 2.9358270414469403
336 149018345 69 SPOC 120 4.74700022 -1.7228209766526916 -0.3788344134279216 3.165349083013246
336 149018345 02 TESS-SPOC 1800 4.74700022 -1.7991370515741303 -0.5741556440034665 2.13404582142533
336 149018345 29 TESS-SPOC 600 4.74700022 -1.9295648729739496 -0.5028339765565301 2.684923256010792
336 149018345 69 TESS-SPOC 200 4.74700022 -1.5042760352366589 -0.5617543684611748 2.4781305046968254
337 40048460 03 SPOC 120 4.48929977 -1.6289818419135629 -0.21911492480555758 3.2288528847338345
337 40048460 30 SPOC 120 4.48929977 -1.7325715286544328 -0.49669210849125334 3.247052644685505
337 40048460 42 SPOC 120 4.48929977 -1.702959939567053 -0.38379479328870914 3.0390619163482806
337 40048460 70 SPOC 120 4.48929977 -1.8680056819479227 -0.36455075249660873 3.014060876308516
337 40048460 03 TESS-SPOC 1800 4.48929977 -1.882391145360132 0.6602870183822999 1.820472715669788
337 40048460 30 TESS-SPOC 600 4.48929977 -1.6325969805907208 -1.674498304794492 2.5626526894728565
337 40048460 42 TESS-SPOC 600 4.48929977 -2.119501131299908 -1.794514877263579 2.4950884695756943
337 40048460 70 TESS-SPOC 200 4.48929977 -1.7658169248274502 -0.020734339055966458 2.616929957334217
338 16916903 17 SPOC 120 4.4073 -1.169634518746237 -0.05349347578079781 2.7494925377864874
338 16916903 57 SPOC 120 4.4073 -1.5641197707627486 -0.09756585610544583 3.006615502330207
338 16916903 84 SPOC 120 4.4073 -1.2622419480688865 0.17192338016313824 2.325172433977429
338 16916903 17 TESS-SPOC 1800 4.4073 -1.9258349649080762 -0.2965193451097568 1.7780477907972003
338 16916903 57 TESS-SPOC 200 4.4073 -1.9102290358888492 -0.47836982561683794 2.94179992624309
339 162238845 15 SPOC 120 4.28499985 -1.5734096468341416 0.4191184891956449 2.7161724750971827
339 162238845 16 SPOC 120 4.28499985 -1.5269243728068833 -0.13139482129095637 2.555187157470966
339 162238845 15 TESS-SPOC 1800 4.28499985 -1.9002971736533347 -0.48741937455234774 2.2177592595984494
339 162238845 16 TESS-SPOC 1800 4.28499985 -1.933463606173167 -0.4277506708736893 1.7740404686413995
340 450348475 23 SPOC 120 4.16400003 -1.559763166417457 0.07896215641052193 2.998047787539121
340 450348475 24 SPOC 120 4.16400003 -0.6870981231591794 0.17732340109127212 2.967039394798307
340 450348475 50 SPOC 120 4.16400003 -1.9785899747273674 -0.7156412020103576 3.2648032797372477
340 450348475 77 SPOC 120 4.16400003 -0.21343700043454056 -0.1945571227728389 2.4741421688014538
340 450348475 23 TESS-SPOC 1800 4.16400003 -1.5474344787251781 0.3811169704108437 1.9027147588973337
340 450348475 24 TESS-SPOC 1800 4.16400003 -1.2531547264171894 -0.6783501147426015 1.9856660366571313
340 450348475 50 TESS-SPOC 600 4.16400003 -1.7880909813247357 -0.3480769524382362 2.4715219672156796
343 420129036 14 SPOC 120 3.78640008 -1.5281712041182103 -0.23988359545428617 2.6644051560643183
343 420129036 15 SPOC 120 3.78640008 -1.2014076762247072 0.4246458228605061 2.6566183215663366
343 420129036 17 SPOC 120 3.78640008 -1.5659937745172614 -0.3768239327201122 2.3268585634823125
343 420129036 18 SPOC 120 3.78640008 -1.8133001941242894 -0.5217425173034943 2.9105777417044907
343 420129036 19 SPOC 120 3.78640008 -1.576044329749566 -0.07928077993612437 2.820619343120871
343 420129036 20 SPOC 120 3.78640008 -1.4286076801235976 -0.312686898430018 3.069879670209951
343 420129036 24 SPOC 120 3.78640008 -1.748828510335076 -0.10612577842261005 2.7446406779822587
343 420129036 21 SPOC 120 3.78640008 -1.1885106952172075 -0.048092531751248814 2.3012594622375966
343 420129036 22 SPOC 120 3.78640008 -1.7138910199130968 -0.0441480144272497 3.0411618936601803
343 420129036 23 SPOC 120 3.78640008 -1.9605471710015656 -0.2763709183015056 2.758680065809338
343 420129036 26 SPOC 120 3.78640008 -0.6703861136245698 0.3291171739915916 2.697086762350427
343 420129036 40 SPOC 120 3.78640008 -1.9214339904752933 -0.25626459823855186 2.9600539971114146
343 420129036 41 SPOC 120 3.78640008 -1.4906595328455503 0.06176972618048268 2.2081521738527674
343 420129036 47 SPOC 120 3.78640008 -1.7458893716339265 -0.20475066987249507 3.1017165329687084
343 420129036 57 SPOC 120 3.78640008 -1.5657764573863422 -0.17602230101259828 3.023493987921459
343 420129036 55 SPOC 120 3.78640008 -1.6014481024908538 0.12828761096307312 2.1995839065154295
343 420129036 54 SPOC 120 3.78640008 -1.5151721231175075 0.25859507827505857 2.5316367854086357
343 420129036 53 SPOC 120 3.78640008 -1.2152563382996444 3.028408580536736 3.1869420067166923
343 420129036 52 SPOC 120 3.78640008 -1.8626945963522243 -0.06318027177623746 3.392983851608098
343 420129036 51 SPOC 120 3.78640008 -1.63259730412576 -0.29595574748600645 3.369251057422439
343 420129036 50 SPOC 120 3.78640008 -1.6201468297843957 0.03616808999223236 2.781567624180907
343 420129036 49 SPOC 120 3.78640008 -1.669483056714742 -0.6378426123469556 2.9707638378031254
343 420129036 48 SPOC 120 3.78640008 -1.8473680346399721 -0.20202092239704955 3.290003161555005
343 420129036 60 SPOC 120 3.78640008 -1.8340261259730593 -0.18257802149077665 2.968775067263999
343 420129036 59 SPOC 120 3.78640008 -1.8493115117456185 -0.2546624490541085 3.0938562110235086
343 420129036 58 SPOC 120 3.78640008 -1.7975971624740372 -0.22692269853974764 3.0309922512725063
343 420129036 73 SPOC 120 3.78640008 -1.8181190721346834 -0.009142585733575946 2.77164628254171
343 420129036 85 SPOC 120 3.78640008 -1.5348174603129103 -0.04540087572048869 2.162553974091975
343 420129036 86 SPOC 120 3.78640008 -1.6162237368065808 0.0036249911508573563 2.760075985946072
343 420129036 74 SPOC 120 3.78640008 -1.47749977974029 0.10782658404602243 2.6865971663634562
343 420129036 75 SPOC 120 3.78640008 -1.8004089083136348 -0.10851903287208832 2.742290274062822
343 420129036 76 SPOC 120 3.78640008 -1.9091549285801517 -0.6242961507665613 3.132132951973933
343 420129036 77 SPOC 120 3.78640008 -1.094741276014009 -0.018754795065722613 2.7199972586139203
343 420129036 78 SPOC 120 3.78640008 -1.618598883110815 -0.23939707945476152 2.473154864931842
343 420129036 79 SPOC 120 3.78640008 -1.69507701769702 -0.10828883681354735 2.488256533739152
343 420129036 80 SPOC 120 3.78640008 -1.782434627496099 -0.12870916447301034 2.6907072998328543
343 420129036 81 SPOC 120 3.78640008 -1.4314195860491425 0.3353932383428817 2.6025660674008426
343 420129036 84 SPOC 120 3.78640008 -1.6454334194791167 -0.2192363575394884 3.0088054399934725
343 420129036 17 TESS-SPOC 1800 3.78640008 -1.4795782532993742 0.35177624832508325 2.0481537768047047
343 420129036 18 TESS-SPOC 1800 3.78640008 -1.8456286133961766 -0.6502258079184374 2.20667288447709
343 420129036 19 TESS-SPOC 1800 3.78640008 -1.9404959970879108 -0.9129530362436663 1.899924661286193
343 420129036 20 TESS-SPOC 1800 3.78640008 -0.5713616779352341 -1.506071569156935 2.3606892295747004
343 420129036 15 TESS-SPOC 1800 3.78640008 -1.8818204939211314 -0.55117865778652 2.2177580553080625
343 420129036 14 TESS-SPOC 1800 3.78640008 -0.558978062432783 0.012440409871791782 1.7189817716995195
343 420129036 22 TESS-SPOC 1800 3.78640008 -1.884259426775506 -0.16604809909564633 2.2763806407536613
343 420129036 26 TESS-SPOC 1800 3.78640008 -3.36117557261201 2.1969387372059037 2.010809549678047
343 420129036 21 TESS-SPOC 1800 3.78640008 -0.8366326566435038 -11.482627613905327 2.4236359149383677
343 420129036 24 TESS-SPOC 1800 3.78640008 -1.695507721726353 -0.017348508654047082 2.3142910725214283
343 420129036 23 TESS-SPOC 1800 3.78640008 -1.9337401592536387 -0.11237760872291934 2.015167962341434
343 420129036 40 TESS-SPOC 600 3.78640008 -1.8942443816441739 -0.30410618805515305 2.7347871575695915
343 420129036 41 TESS-SPOC 600 3.78640008 -1.9231522160167815 -0.5375732618148628 2.688588095486556
343 420129036 47 TESS-SPOC 600 3.78640008 -1.927901661528184 -0.45993080608951437 2.702088737352522
343 420129036 58 TESS-SPOC 200 3.78640008 -1.898467344935667 0.6324854640115057 2.5083821125605055
343 420129036 60 TESS-SPOC 200 3.78640008 -1.4903033431411468 0.0056426634593691755 2.7788716780119636
343 420129036 59 TESS-SPOC 200 3.78640008 -1.8201262196770127 -0.37840239645692103 2.9635199926779845
343 420129036 57 TESS-SPOC 200 3.78640008 -1.7982596617892612 -0.4699339512596599 2.8655243144232916
343 420129036 55 TESS-SPOC 600 3.78640008 -1.928702381187377 -0.4387890841701409 2.698443037654676
343 420129036 54 TESS-SPOC 600 3.78640008 -1.7514702956990567 -0.5902119450381981 2.674633470092589
343 420129036 53 TESS-SPOC 600 3.78640008 -1.901712531382495 -0.42751824697005947 2.715329795510146
343 420129036 52 TESS-SPOC 600 3.78640008 -1.7560180462197998 -0.12894059000668456 2.105627761605329
343 420129036 48 TESS-SPOC 600 3.78640008 -1.647799439712327 -0.3910125136940616 2.654324463774557
343 420129036 49 TESS-SPOC 600 3.78640008 -1.9303136204311346 -0.5291472085399183 2.666091392079029
343 420129036 50 TESS-SPOC 600 3.78640008 -1.9144423909646386 -0.5807382262087669 2.6944666472112524
343 420129036 51 TESS-SPOC 600 3.78640008 -1.3350725587851482 0.018870411493495942 2.4283891075780883
344 411252917 46 SPOC 120 3.73099995 -1.88720707740862 0.32567049813561366 3.051688716480499
344 411252917 50 SPOC 120 3.73099995 -1.6338488913179532 0.0703751876613776 2.2137305467440944
344 411252917 46 TESS-SPOC 600 3.73099995 -1.8417534771964732 -0.4184169155236567 2.375280417795775
344 411252917 50 TESS-SPOC 600 3.73099995 -0.9254624231678501 -0.12321033338871952 2.6320655881044295
345 239622721 15 SPOC 120 3.61956 -1.4015454965415095 0.3688759137779107 2.8152617729829017
345 239622721 16 SPOC 120 3.61956 -0.9457129372374611 0.3221835542101503 2.784663049506107
345 239622721 56 SPOC 120 3.61956 -1.7338000960746225 -0.14712027206305056 2.8006621256855513
345 239622721 82 SPOC 120 3.61956 -1.1581901141619202 0.06970188804272984 2.5376891256425393
345 239622721 83 SPOC 120 3.61956 -1.8457233551164833 -0.2920951682611128 3.0768200842419002
345 239622721 15 TESS-SPOC 1800 3.61956 -1.8838184507943034 -0.5292191777868436 2.081533308646121
345 239622721 16 TESS-SPOC 1800 3.61956 -2.0156109972031837 -0.29725041581903816 1.773649602033793
345 239622721 56 TESS-SPOC 200 3.61956 -1.8348528900616978 -0.06474981065225306 2.878800873772148
346 201723935 13 SPOC 120 3.51999998 -2.1869141363955946 -0.3154400978523599 1.8902146242337805
346 201723935 27 SPOC 120 3.51999998 -1.6257972320196383 0.1372887428147632 2.829703476283732
346 201723935 67 SPOC 120 3.51999998 -1.7703126256461417 0.1492231871228372 2.7470622038777455
346 201723935 13 TESS-SPOC 1800 3.51999998 -1.7880976513172877 -0.1886305982365336 2.0915105722926297
346 201723935 27 TESS-SPOC 600 3.51999998 -1.9773457778234673 -0.5770595776747798 2.470592774293555
346 201723935 67 TESS-SPOC 200 3.51999998 -1.6908478904210122 -0.17323722922169388 2.782195013394416
347 418173060 45 SPOC 120 3.35400009 -1.060707963752565 0.28926350726352584 3.1713590323782253
347 418173060 46 SPOC 120 3.35400009 -1.6848794649419125 0.3613295255960538 2.8471386515002597
347 418173060 72 SPOC 120 3.35400009 -1.9622847109293307 -0.3367554226382692 3.0107489833689054
347 418173060 45 TESS-SPOC 600 3.35400009 -1.2599691461409437 0.23220364292796364 2.5031693568629447
347 418173060 46 TESS-SPOC 600 3.35400009 -1.7904664419592806 -0.3300346378891546 2.565410851909543
347 418173060 72 TESS-SPOC 200 3.35400009 -1.6438557634551025 -0.10305644763964958 2.582494681474339
348 301502440 27 SPOC 120 3.08599997 -1.5655751947073722 0.0913999543478813 2.5336126078860466
348 301502440 27 TESS-SPOC 600 3.08599997 -1.8207883120898867 0.11789412659584561 2.590425306638282
349 238720786 18 SPOC 120 3.01769996 -1.0686074497163534 0.058002009095673865 3.005439264885222
349 238720786 58 SPOC 120 3.01769996 -1.6176380221703102 0.20739735711474275 2.5083666912773954
349 238720786 85 SPOC 20 3.01769996 -1.7915093918819371 -0.08800570678153917 3.040960911065017
349 238720786 85 SPOC 120 3.01769996 -1.7835123206808414 -0.33740420061431803 3.02266268441251
349 238720786 18 TESS-SPOC 1800 3.01769996 -0.9960575174730335 -0.11254862574216239 2.03167662821648
349 238720786 58 TESS-SPOC 200 3.01769996 -1.4389669782760692 0.04323919652860278 2.875973519461761
350 345136771 10 SPOC 120 2.75099993 -1.8601827218435978 -0.25117307825377955 2.824707959957496
350 345136771 36 SPOC 120 2.75099993 -1.7958847339867687 0.06341175938265825 2.7135973079954705
350 345136771 37 SPOC 120 2.75099993 -1.9562036305425035 -0.09897942426670873 3.203803233171784
350 345136771 63 SPOC 120 2.75099993 -1.9114327590601914 -0.5079679595735209 3.1985613531879356
350 345136771 10 TESS-SPOC 1800 2.75099993 -1.9952922005595497 -0.798415024155287 2.0214661497507516
350 345136771 36 TESS-SPOC 600 2.75099993 -1.9222648219203455 -0.5612057064591933 2.5987116311897984
350 345136771 37 TESS-SPOC 600 2.75099993 -1.876368695585514 -0.07975294567125042 2.642594761318913
350 345136771 63 TESS-SPOC 200 2.75099993 -1.891149817020132 -0.08847900603791557 2.862754751112533
351 445843374 23 SPOC 120 2.68849993 -1.7025473063462293 -0.14260311112191656 2.7906955882286755
351 445843374 50 SPOC 120 2.68849993 -1.7865308244987785 -0.04890052490028321 2.9710603605503456
351 445843374 77 SPOC 120 2.68849993 -1.6269161545535378 -0.33392461610397384 3.5303627986376127
351 445843374 23 TESS-SPOC 1800 2.68849993 -1.9106803770897574 0.19760996638499972 2.0133402090129238
351 445843374 50 TESS-SPOC 600 2.68849993 -1.6509568074781444 -0.3186883728102878 2.2688893350867754
352 302066927 27 SPOC 120 2.65820003 -1.490529697899229 0.2947828911890863 2.762834769083875
352 302066927 67 SPOC 120 2.65820003 -0.868551515284527 0.2503696499143842 2.9979810506977937
352 302066927 27 TESS-SPOC 600 2.65820003 -1.9327291332514736 -0.3790775560008303 2.5025881812637674
352 302066927 67 TESS-SPOC 200 2.65820003 -1.737986989757978 -0.10265092218981962 2.3038918979696144
353 423658228 10 SPOC 120 2.50099993 -0.9380473882121924 -0.01421900077159908 2.562226708993336
353 423658228 37 SPOC 120 2.50099993 -1.7953178626894022 0.5912840470250306 2.8595089497590687
353 423658228 64 SPOC 120 2.50099993 -1.6657467954892342 0.48711716492586854 2.916616855740262
353 423658228 10 TESS-SPOC 1800 2.50099993 -1.2517166483651105 -0.07234765591551885 2.246539884651341
353 423658228 37 TESS-SPOC 600 2.50099993 -1.8277151557012605 0.12467830097077512 2.4707107046364447
353 423658228 64 TESS-SPOC 200 2.50099993 -1.5781829772587705 -0.104530293618229 2.789459610221952
354 257741041 46 SPOC 120 2.44589996 -1.8719268109998348 -0.031171912728548266 2.9069896336305394
354 257741041 46 TESS-SPOC 600 2.44589996 -1.8264677719771787 -0.4932313499103394 2.51661040554786
355 38877693 03 TESS-SPOC 1800 0.86799997 -1.8360847522604757 -0.24275132033396546 1.8889701937010208
355 38877693 02 TESS-SPOC 1800 0.86799997 -1.7241845307102688 -0.3723922754387291 2.1340449987793786
