Name	TIC_ID	Sector	Author	Exptime	Magnitude	RMS	Max_freq	Max_FAP	log(Alpha)	log(Tau)	Gamma	log(Bias)	Type	TypeColor	bump	lc_q	T-NUV	D(UV)	binarity_filter	A-B	Gamma2	Gamma_Tau	max_slope	max_slope2	CROWDSAP	rms1	rms2	rms3	rms4	badAGB
89_Her	285139576	26	SPOC	120	5.07849979	499.26171875	0.0743969958398088	0.0	10.38104964864256	-1.3129706078512378	2.232861557618945	6.403850006511193	VW	5.0	0	1	-7.5115002	-6.4996275	1	3.977199642131368	8.880536187890959	6.763697629472862	-2.18748479	-8.70006371	0.99928802	5517.98486328125	1666.78955078125	422.8313903808594	721.0255658705339	1
89_Her	285139576	40	SPOC	120	5.07849979	242.00230407714844	0.2571101184691558	0.0	9.263670020702722	-1.1511308817824042	2.384173564976534	4.023166525033329	VW	5.0	0	1	-7.5115002	-6.4996275	1	5.240503495669394	12.494269901542088	10.853909055237954	-2.3727691	-12.43450476	0.99940294	2189.984375	512.8031616210938	131.57745361328125	285.6710835719347	1
89_Her	285139576	53	SPOC	120	5.07849979	654.142822265625	0.0760554258602428	0.0	10.26247382661405	-1.309971054741018	2.3321075759494736	5.513866672052619	VW	5.0	0	1	-7.5115002	-6.4996275	1	4.748607154561431	11.074262720360586	8.453822456825181	-2.31249021	-10.98110756	0.99939936	5748.68603515625	1599.31787109375	406.48724365234375	748.9574709527884	1
89_Her	285139576	52	SPOC	120	5.07849979	334.76300048828125	0.3314321748079202	0.0	9.37155068090826	-1.2589111866048008	2.144844364085367	4.287424011293545	VW	5.0	0	1	-7.5115002	-6.4996275	1	5.084126669614715	10.90466043361923	8.661977548256099	-2.1325667	-10.84223922	0.99922132	1757.9307861328125	549.5226440429688	140.56227111816406	305.59555268787426	1
89_Her	285139576	80	SPOC	120	5.07849979	455.0946960449219	0.2268698823842443	0.0	9.081684791641456	-1.3923763540389111	1.972386123884912	4.026596438019772	VW	5.0	0	1	-7.5115002	-6.4996275	1	5.055088353621685	9.970586123695638	7.160841316195608	-1.96071295	-9.91157722	0.99932855	2146.10302734375	625.9425048828125	162.2786407470703	340.27702575781996	1
89_Her	285139576	79	SPOC	120	5.07849979	420.3079223632813	0.2413967367705348	0.0	9.164147599982286	-1.415666248135974	2.4133833217752616	4.566917761784161	VW	5.0	0	1	-7.5115002	-6.4996275	1	4.597229838198125	11.094877817874938	7.8372129253513725	-2.38923662	-10.98386988	0.99930012	2529.703125	574.5887451171875	151.4235382080078	328.61008217373694	1
89_Her	285139576	26	TESS-SPOC	1800	5.07849979	1318.66845703125	0.1511339344995958	1.218859777238736e-123	8.864163750099284	-1.4666189195187649	3.438334374090158	5.66159131380534	VW	5.0	0	0	-7.5115002	-6.4996275	1	3.202572436293944	11.011514893223133	7.508095488660607	-3.27037034	-10.4735979	0.9991889	619.1439208984375	239.18292236328125	57.31404495239258	102.63385500386184	1
89_Her	285139576	40	TESS-SPOC	600	5.07849979	1425.5157470703125	0.1703336953758835	8.590422685369603e-181	8.593336076921203	-1.3156287654367884	2.736228618989628	4.3780506005565165	VW	5.0	0	1	-7.5115002	-6.4996275	1	4.215285476364686	11.53398475764038	8.766899189689806	-2.69384968	-11.35534541	0.99929911	469.8604736328125	227.07138061523438	57.773162841796875	131.24852190066983	1
89_Her	285139576	52	TESS-SPOC	600	5.07849979	749.165283203125	0.3254980255220365	1.1123479549607628e-135	8.409600001190288	-1.4918907280681488	2.1916738667860898	4.271699583531543	VW	5.0	0	1	-7.5115002	-6.4996275	1	4.137900417658745	9.068928208745918	6.078815316782138	-2.15459296	-8.9154911	0.9991166	508.5702209472656	237.4029541015625	60.9169921875	131.53379051395527	1
89_Her	285139576	53	TESS-SPOC	600	5.07849979	1351.0238037109375	0.2043419053882413	3.0018685297519647e-299	8.632397038438093	-1.406451536777284	2.218175257221168	4.718530732472198	VW	5.0	0	1	-7.5115002	-6.4996275	1	3.913866305965895	8.68164139996516	6.172727017567991	-2.16972489	-8.49201313	0.99929887	1829.102294921875	803.515380859375	203.26280212402344	405.5864219163838	1
BD+46_442	327790652	58	TESS-SPOC	200	8.89369965	537.7160034179688	0.0559264931669016	0.0	8.431318536392055	-1.785515154592994	2.288878164006835	5.302305771831476	VW	5.0	0	0	-6.3763003	-3.6096156	1	3.12901276456058	7.161928991701371	4.011127529933468	-2.1674527	-6.78198717	0.97838432	4315.7177734375	2033.22607421875	520.2841796875	1208.856009694604	1
DY_Ori	151405646	71	TESS-SPOC	200	9.84840012	3741.749755859375	0.1277509191982728	0.0	10.92632945809808	-1.2562266817042844	1.8985417153613835	5.912251728994483	VW	5.0	0	1	-999.0	-999.0	0	5.014077729103598	9.519435732767656	7.57780094262361	-1.88676403	-9.4603815	0.96756458	12078.4931640625	3371.794921875	875.8716430664062	1846.6620855244046	1
DY_Ori	151405646	72	TESS-SPOC	200	9.84840012	1571.51904296875	0.1020870055895729	0.0	11.831773661523982	-1.3388969082413016	2.1450187656081714	6.326176370273683	VW	5.0	0	1	-999.0	-999.0	0	5.505597291250299	11.809609505613407	8.820402402098184	-2.13745226	-11.7679514	0.96890962	9058.79296875	2903.39453125	743.9861450195312	1665.3424753678073	1
HD_46703	149984609	60	TESS-SPOC	200	8.43229961	1512.3094482421875	0.1538286102983498	0.0	9.72549598747774	-1.767470613435394	2.185344291239041	5.486435472759847	VW	5.0	0	0	-6.1277004	-4.2736246	1	4.239060514717894	9.263806696055584	5.241279049075517	-2.15240444	-9.12417268	0.99659687	6466.546875	1434.7686767578125	389.4783630371094	839.7149374114723	1
HD_52961	425148238	71	TESS-SPOC	200	6.83120012	1330.15380859375	0.2992653835873623	0.0	9.340689546493936	-1.622484892292842	2.139658278105217	5.1393865958451705	VW	5.0	0	0	-999.0	-999.0	0	4.201302950648767	8.989352637183508	5.540484647890959	-2.10598554	-8.84788327	0.99820632	10206.7421875	1664.5718994140625	437.2907409667969	902.1816433034254	1
HD_52961	425148238	72	TESS-SPOC	200	6.83120012	1207.4874267578125	0.1954336045829825	0.0	8.816155083200439	-1.6241320793264833	2.0366347088860066	4.960474217797444	VW	5.0	0	1	-999.0	-999.0	0	3.855680865402995	7.852613476867375	4.8349599006281565	-1.98910394	-7.66934999	0.99807316	3941.058837890625	1533.876220703125	387.447265625	835.8376974047004	1
HD_95767	466257017	63	TESS-SPOC	200	8.03409958	1499.826171875	0.1357037966103811	0.0	8.888081746640763	-1.5337091585152094	2.061170046738701	5.945254195583459	VW	5.0	0	1	-999.0	-999.0	0	2.942827551057304	6.0656680009567205	3.954901075787355	-1.92656392	-5.66954537	0.86013269	13322.923828125	4989.48876953125	1204.6856689453125	2163.880952366819	1
HD_95767	466257017	64	TESS-SPOC	200	8.03409958	1935.84765625	0.0928952847004986	0.0	9.281437030786837	-1.3844986633876974	2.48996525203169	6.170691757064585	VW	5.0	0	1	-999.0	-999.0	0	3.11074527372225	7.74564763949021	5.594550463875181	-2.35514268	-7.32624896	0.85510737	17055.412109375	7506.52685546875	1715.0836181640625	2883.271084133551	1
HD_108015	72069886	64	TESS-SPOC	200	7.51669979	452.5076599121094	0.0891871955706396	7.448961449474289e-90	10.044714868093797	-1.5031844254911113	2.139222088964602	6.585653008038918	VW	5.0	0	0	-999.0	-999.0	0	3.4590618600548773	7.399701538124376	4.9226837456799695	-2.06094048	-7.12892062	0.9847101	3349.4794921875	1479.58837890625	374.542724609375	834.9990614522635	1
HD_131356	259921603	65	TESS-SPOC	200	8.00160027	418.0338134765625	0.0754168784664909	2.826534240958e-311	10.617902878635908	-1.71014100160487	2.2813530781439613	7.258655096647966	VW	5.0	0	0	-999.0	-999.0	0	3.359247781987942	7.663630267686465	4.481285613580742	-2.18791633	-7.34975308	0.95411134	3254.40234375	1286.71875	330.2327575683594	749.3198873539939	1
HD_213985	188569689	69	TESS-SPOC	200	8.72539997	2644.671875	0.154691739346756	0.0	9.290422468885874	-1.6424600484698673	1.681710468575267	5.724816431445188	VW	5.0	0	1	-4.7846	-5.075151	1	3.565606037440686	5.996316999979177	3.650814523960816	-1.62715762	-5.80180305	0.99877691	11050.123046875	4076.474853515625	1032.95751953125	2231.591511810049	1
HR_4049	168346285	9	SPOC	120	5.14949989	227.7826385498047	0.2083556330294498	0.0	7.86657486861121	-1.7747513656005451	1.922652314364252	4.142647098931209	VW	5.0	0	1	-999.0	-999.0	0	3.723927769680001	7.159818344900563	4.03426557864786	-1.87053294	-6.96572957	0.99956107	1
HR_4049	168346285	36	SPOC	120	5.14949989	171.58428955078125	0.2007695867877581	0.0	7.676203164910322	-1.148135605865494	1.6358950140587227	3.918160718655984	VW	5.0	0	1	-999.0	-999.0	0	3.7580424462543376	6.147762900448516	5.354561664180926	-1.59323448	-5.98744279	0.99953973	2118.25341796875	515.9324951171875	131.3098602294922	278.49758136022183	1
HR_4049	168346285	63	SPOC	120	5.14949989	240.8653259277344	0.1055405992715517	0.0	7.59984401625217	-1.516319128745894	2.297472665606742	4.433150474797041	VW	5.0	0	1	-999.0	-999.0	0	3.166693541455129	7.27539185184657	4.798061116503785	-2.18063054	-6.90538865	0.99957371	3933.0625	873.9824829101562	216.9766845703125	379.51907677945593	1
HR_4049	168346285	62	SPOC	120	5.14949989	318.8453674316406	0.0755645848855384	0.0	8.624396115300193	-1.4484967575669272	1.9480992996339912	4.583189056186661	VW	5.0	0	1	-999.0	-999.0	0	4.041207059113533	7.872672641535014	5.435064041675123	-1.91129523	-7.72393976	0.99955237	3345.10693359375	517.0413818359375	135.35133361816406	274.85801306547853	1
HR_4049	168346285	89	SPOC	20	5.14949989	415.5099792480469	0.2048099204671724	0.0	9.190100121465733	-1.3461442614586627	2.341366592397565	5.008890789256143	VW	5.0	0	1	-999.0	-999.0	0	4.181209332209588	9.789743846256462	7.272432923086887	-2.30366414	-9.63210199	0.99955219	11999.9375	1559.485595703125	413.4109191894531	871.6640328373215	1
HR_4049	168346285	89	SPOC	120	5.14949989	390.5664978027344	0.0591294363448631	0.0	7.996363197619445	-1.6671835762116571	2.1743397003960085	4.597845365183479	VW	5.0	0	1	-999.0	-999.0	0	3.3985178324359664	7.389532245569311	4.4323446745802	-2.08914375	-7.0999923	0.99955219	3401.009521484375	983.07666015625	249.19517517089844	533.8388281748531	1
HR_4049	168346285	9	TESS-SPOC	1800	5.14949989	348.39715576171875	0.062772707782317	1.0962218705705531e-43	7.74256420200175	-1.3463360882066118	2.2463628083034406	3.99592512084014	VW	5.0	0	1	-999.0	-999.0	0	3.7466390811616095	8.416310688057617	6.251270215350591	-2.18701883	-8.19397022	0.99943626	1
HR_4049	168346285	36	TESS-SPOC	600	5.14949989	263.8658752441406	0.0817240629325464	7.120473214638099e-97	8.215740981575713	-1.4530317411710048	2.4154208450555696	5.589280939642534	VW	5.0	0	1	-999.0	-999.0	0	2.6264600419331794	6.344006333990927	4.366048004483552	-2.19170957	-5.7564376	0.99941152	1072.86669921875	445.981689453125	109.03221893310547	213.46381206950514	1
HR_4049	168346285	63	TESS-SPOC	200	5.14949989	310.4841613769531	0.2186427045750917	0.0	8.10399961966999	-1.5308494806926267	2.510035727378241	4.8318300064043385	VW	5.0	0	0	-999.0	-999.0	0	3.2721696132656515	8.213262635338227	5.365166686160529	-2.39664259	-7.84222105	0.99946362	2747.37109375	696.2186279296875	170.26901245117188	288.20118428120537	1
HR_4049	168346285	62	TESS-SPOC	200	5.14949989	190.78375244140625	0.079968232283365	0.0	9.032938681785764	-1.472532969069544	2.325702676480709	5.62861983913804	VW	5.0	0	1	-999.0	-999.0	0	3.404318842647723	7.917433443939519	5.376744433058326	-2.23517049	-7.60923302	0.99942499	2120.36669921875	435.605712890625	110.23587799072266	216.78157722629982	1
IRAS_06165+3158	138176686	60	TESS-SPOC	200	10.09360027	1656.125244140625	0.1655127138340631	0.0	9.348129006006044	-1.474213843456644	2.226406217634621	5.680888275973283	VW	5.0	0	1	-10.2163997	0.719966	1	3.667240730032761	8.164767562907866	5.538387527119967	-2.16204209	-7.9287288	0.98902839	6941.0078125	3428.56494140625	875.052490234375	2069.560596978749	1
IRAS_06165+3158	138176686	71	TESS-SPOC	200	10.09360027	1577.4031982421875	0.2126260035025837	0.0	9.923849249452076	-1.4020959812588123	2.2708380829105903	5.744631375369411	VW	5.0	0	1	-10.2163997	0.719966	1	4.179217874082664	9.49032710524755	6.768671497601085	-2.23418808	-9.33715876	0.98919392	6884.80029296875	3325.781005859375	853.5459594726562	2028.9420374276856	1
IRAS_06165+3158	138176686	72	TESS-SPOC	200	10.09360027	6991.3720703125	0.1927911512337788	1.1280212018243485e-147	10.248347977033406	-1.7148133161212953	2.1012334200232874	5.694478428728584	VW	5.0	0	1	-10.2163997	0.719966	1	4.553869548304823	9.568742885324443	5.58004932395079	-2.07913943	-9.46812973	0.9863975	6559.83349609375	3320.7451171875	842.72314453125	1962.1106495448264	1
IRAS_085444431	30378919	62	TESS-SPOC	200	7.23099995	1076.9630126953125	0.1636208789724817	0.0	9.68411056605754	-1.5073631651605384	2.1417030522668803	5.510632556193417	VW	5.0	0	1	-999.0	-999.0	0	4.173478009864124	8.9383505922947	5.9297923678151845	-2.10690991	-8.7931422	1
IRAS_154695311	278147658	65	TESS-SPOC	200	8.8781004	1626.47412109375	0.2370233110752284	0.0	9.992171670896612	-1.2722480317594216	2.352084049547744	5.704524105898828	VW	5.0	0	1	-999.0	-999.0	0	4.287647564997784	10.084907447713512	7.926840675687159	-2.31854579	-9.94110723	1
IRAS_170384815	212985562	66	TESS-SPOC	200	9.3288002	5348.3046875	0.0960094711177326	0.0	12.243134615841534	-1.445163305891275	2.233892365785336	8.226932566470275	VW	5.0	0	1	-999.0	-999.0	0	4.016202049371259	8.971763097541876	6.208130984898433	-2.19046849	-8.79736403	1
IRAS_191570247	161604472	54	SPOC	120	9.79249954	2183.02587890625	0.1639420274655695	0.0	9.939060517574609	-1.6474228593834617	2.7709539371147747	5.746164954771576	VW	5.0	0	1	-8.2475005	-1.1857876	1	4.192895562803033	11.618320467660132	7.052421545254155	-2.72692548	-11.43371373	1
IRAS_191570247	161604472	54	TESS-SPOC	600	9.79249954	2367.702392578125	0.1811946980068217	4.6229714960184815e-146	9.232201061107087	-1.3683099735360644	2.978470709765525	5.189233002934381	VW	5.0	0	1	-8.2475005	-1.1857876	1	4.042968058172708	12.041861941785012	8.80053655581107	-2.92231343	-11.81481987	1
RU_Cen	258316366	64	TESS-SPOC	200	8.2578001	1584.3529052734375	0.1226330605296951	5.644476429234767e-87	11.940417286060356	-1.5538873680223912	2.153377855975575	8.580895388723786	VW	5.0	0	0	-6.9421999	-3.784307	1	3.3595218973365704	7.234320060389621	4.655627048179579	-2.0652098	-6.93811755	0.99092388	12957.40625	2147.3974609375	573.7330322265625	1106.3087916861991	1
SAO_173329	100017389	61	TESS-SPOC	200	10.07019997	1135.9000244140625	0.11390439788369	0.0	9.489204855392002	-1.4675057833588343	2.482729667750128	5.684922608733007	VW	5.0	0	1	-999.0	-999.0	0	3.804282246658995	9.445004398275396	6.436093476004996	-2.42130004	-9.21130875	0.87588537	6037.5859375	3423.10400390625	871.675537109375	2034.995552940388	1
ST_Pup	148400669	61	TESS-SPOC	200	9.49050045	10783.0	0.269564349979331	0.0	12.474243846741585	-1.3513791202435763	2.3516165019675226	7.530625996693342	VW	5.0	0	1	-5.5394995	-3.6948074	1	4.943617850048243	11.625493315594651	8.60268827706857	-2.33579958	-11.54730047	0.98936975	51863.5078125	3739.391845703125	1401.7740478515625	1739.5019702770126	1
SX_Cen	15520060	64	TESS-SPOC	200	10.12290001	1852.58544921875	0.0613108640524316	0.0	12.063549110652216	-1.4739371852960856	2.2341290293629648	8.641752151787855	VW	5.0	0	0	-999.0	-999.0	0	3.421796958864361	7.64473591838478	5.186609032357847	-2.14886031	-7.35296368	0.96797335	15538.171875	2582.3291015625	701.670166015625	1303.780337590999	1
TW_Cam	305967956	59	TESS-SPOC	200	8.22049999	22937.724609375	0.2033571878121406	4.931501421880434e-136	11.24944038294199	-1.7334247964718337	2.121842808275171	6.964912281422332	VW	5.0	0	0	-10.4195	-0.9876075	1	4.2845281015196575	9.091095139062356	5.244585838143153	-2.09147948	-8.96100261	0.98185098	4289.7529296875	1472.366943359375	374.67791748046875	830.8350195257381	1
U_Mon	6423203	7	SPOC	120	5.62400007	1625.719970703125	0.0613395387451386	0.0	9.90993728318942	-1.766391156079302	2.122199211717249	5.100704978335974	VW	5.0	0	1	-999.0	-999.0	0	4.809232304853447	10.206149006325113	5.777966545631249	-2.10554633	-10.12606144	0.99864632	1
U_Mon	6423203	34	SPOC	120	5.62400007	2111.97265625	0.1139068545024392	0.0	10.488816123775765	-1.4241858955332292	2.3282598067151272	6.019928133416787	VW	5.0	0	1	-999.0	-999.0	0	4.468887990358976	10.404732288664745	7.30574029787671	-2.30127706	-10.28414941	0.99873459	13734.896484375	2790.55712890625	659.23876953125	613.5376234649132	1
U_Mon	6423203	88	SPOC	20	5.62400007	2056.04150390625	0.1080244233961733	0.0	13.267957410233434	-1.585449676549877	2.171670068336148	9.424698835309163	VW	5.0	0	1	-999.0	-999.0	0	3.843258574924272	8.346289612039277	5.264304339322694	-2.12026655	-8.14873259	0.99885321	39413.9375	9511.75	2019.64990234375	1157.097240942322	1
U_Mon	6423203	88	SPOC	120	5.62400007	1416.5972900390625	0.108028925524853	1.768434615435683e-173	12.358218965382964	-1.7210259551635354	2.7371417748826823	9.702982467840718	VW	5.0	0	1	-999.0	-999.0	0	2.655236497542246	7.26775873961606	4.222922215560347	-2.49150614	-6.61553803	0.99885279	17360.1484375	2197.3125	588.2122192382812	478.51386450110164	1
U_Mon	6423203	7	TESS-SPOC	1800	5.62400007	5611.90087890625	0.1106751793505958	4.7119304579205536e-158	9.97398460380934	-1.2310250833051997	2.374478813423416	6.061200857255942	VW	5.0	0	1	-999.0	-999.0	0	3.912783746553398	9.29082210769854	7.547224044170942	-2.32255042	-9.08763755	0.99828905	1
U_Mon	6423203	34	TESS-SPOC	600	5.62400007	3207.06787109375	0.2619313256158536	3.770336013939087e-147	9.599159072476866	-1.4268205843322892	2.273609126215829	5.45137991977652	VW	5.0	0	0	-999.0	-999.0	0	4.147779152700346	9.430428535107264	6.6094003960003365	-2.23557331	-9.27266436	0.99836546	3571.21337890625	1073.6158447265625	246.80104064941406	277.6138651339109	1
