Name TIC_ID Sector Author Exptime Magnitude Slope Slope2 Breakpoint
TYC_8170-690-1 75311623 09 SPOC 120 10.40950012 -0.7087344016954904 0.02058967618170037 2.4685724465972823
TYC_8170-690-1 75311623 08 SPOC 120 10.40950012 -0.7401086994582072 0.0028005427105747506 2.351034857329938
HD_15629 49720925 18 SPOC 120 7.99639988 -2.3458415161005375 -0.06928496833301491 2.678290445842567
LS_II_+25_15 435781776 14 SPOC 120 10.59770012 -2.816868094315404 -0.05594906921566232 2.06783288404219
LS_II_+25_15 435781776 41 SPOC 120 10.59770012 -2.2180057283090817 0.009775755576694085 2.2081641705391997
LS_II_+25_15 435781776 54 SPOC 120 10.59770012 -2.40891769377507 0.005231161853885664 2.1509326180627015
LS_II_+25_15 435781776 81 SPOC 120 10.59770012 -2.3262691849091213 -0.02453446955221719 2.207826858437257
*_73_Ori 434408053 06 SPOC 120 5.41677999 -1.1720333551270732 -0.018325502716622664 2.0620442546377724
*_73_Ori 434408053 33 SPOC 120 5.41677999 -1.345369703587872 0.008415968042916487 1.9944285169676559
*_73_Ori 434408053 45 SPOC 120 5.41677999 -1.5818492090726912 -0.023312290542331558 2.103807647434545
*_73_Ori 434408053 44 SPOC 120 5.41677999 -1.7084093694526106 -0.03195053962870563 2.0209012552000787
*_73_Ori 434408053 43 SPOC 120 5.41677999 -1.4196732844998614 0.02483261788527775 2.1819019621231344
*_73_Ori 434408053 72 SPOC 120 5.41677999 -1.9164886586628533 -0.020656536264493566 1.7620379969980495
*_73_Ori 434408053 71 SPOC 120 5.41677999 -1.097585616428795 -0.020940449097570583 2.1815600669324557
*_73_Ori 434408053 87 SPOC 20 5.41677999 -1.5545883637803122 -0.1449581168470654 2.4764548678653244
*_73_Ori 434408053 87 SPOC 120 5.41677999 -2.2708815706749146 -0.06902718160049053 1.9156771427660886
HD_239626 329074395 16 SPOC 120 8.90509987 -0.7976371045356752 0.0006554301984882017 1.9131830967321954
HD_239626 329074395 15 SPOC 120 8.90509987 -0.7492632676809768 0.0014980969263956743 1.8797420568143706
HD_239626 329074395 17 SPOC 120 8.90509987 -0.45287883918543803 -0.0010814011301463798 2.2574624554371976
HD_239626 329074395 84 SPOC 120 8.90509987 -0.0887145594134933 -0.018028738053205158 3.0792896733923105
HD_161796 316493106 26 SPOC 120 6.75419998 -2.398238148498709 -0.13841128885739987 2.2907062463649157
HD_161796 316493106 24 SPOC 120 6.75419998 -2.9624436713330726 -0.058956651119245806 2.1469877818852963
HD_161796 316493106 25 SPOC 120 6.75419998 -3.273971833808321 -0.23080571571802844 1.885049619606931
HD_95862 304996702 10 SPOC 120 8.74289989 -2.1981988797054237 -0.10832921752741873 2.582585651712249
HD_95862 304996702 11 SPOC 120 8.74289989 -2.282065726186936 0.00046096498606677675 2.595537449762324
HD_95862 304996702 90 SPOC 120 8.74289989 -2.4874294456769843 -0.025812059192036708 2.5824403563285183
HD_36408A 302824830 06 SPOC 120 6.08459997 -1.0077669482805676 0.04415464132972275 2.152103771480794
HD_36408A 302824830 44 SPOC 120 6.08459997 -0.5135296446469839 0.120486668603056 2.70769421462158
HD_36408A 302824830 43 SPOC 120 6.08459997 -0.7801700459669331 0.0009624671901932078 2.017687547118317
HD_36408A 302824830 45 SPOC 120 6.08459997 -0.3793228899142089 0.30169504226810234 2.661800121295967
HD_36408A 302824830 71 SPOC 120 6.08459997 -1.4128276731076408 0.4735144772155569 2.7307191150185237
HD_3191 284141111 17 SPOC 120 8.12530041 -2.991083812518002 -0.3450822699643767 2.202608265978422
HD_3191 284141111 18 SPOC 120 8.12530041 -2.7293394137226925 -0.5571980291763128 2.359774993909264
HD_3191 284141111 85 SPOC 120 8.12530041 -3.251493776043861 -0.17021952699626888 2.2255983771429295
V*_V379_Cep 277502552 17 SPOC 120 6.03539991 -1.2217984376208697 -0.39616600034973865 2.6541777077754434
V*_V379_Cep 277502552 16 SPOC 120 6.03539991 -2.6542918648732696 -0.12173977125973105 2.3576127866048497
V*_V379_Cep 277502552 15 SPOC 120 6.03539991 -0.8610725149800488 0.36940605872712917 3.181869206211316
V*_V379_Cep 277502552 57 SPOC 120 6.03539991 -2.1282815830728214 -0.30101052874605927 2.980007028412115
V*_V379_Cep 277502552 56 SPOC 120 6.03539991 -2.6172778439164532 -0.029718683557984692 2.4768428617960656
V*_V379_Cep 277502552 55 SPOC 120 6.03539991 -2.630108330739562 -0.0538818175405252 2.3031059605729656
V*_V379_Cep 277502552 84 SPOC 120 6.03539991 -2.422520917198345 -0.07671368303379307 2.4089195146243503
V*_V379_Cep 277502552 77 SPOC 120 6.03539991 -2.449331968626564 -0.001266358562312427 2.3730602341554996
V*_V379_Cep 277502552 76 SPOC 120 6.03539991 -2.661225365279248 -0.11721494630649652 2.4890502973150244
V*_V379_Cep 277502552 75 SPOC 120 6.03539991 -1.98585591857004 0.5425415395519948 2.6512527985384704
V*_V379_Cep 277502552 82 SPOC 120 6.03539991 -2.5323998355110713 -0.08227256419179436 2.4071532068811274
V*_T_Cru 310883625 11 SPOC 120 5.75699997 -2.3958233732195136 -0.5607545335068453 2.1378824628723243
V*_T_Cru 310883625 37 SPOC 120 5.75699997 -1.3172029129097442 -0.1452376456994251 2.9338739152159334
V*_T_Cru 310883625 38 SPOC 120 5.75699997 -1.290621508284815 -0.36896074339145246 2.942679651760279
V*_T_Cru 310883625 64 SPOC 120 5.75699997 -2.5006861740230413 -0.11205726197585163 1.9786599603270847
V*_T_Cru 310883625 65 SPOC 120 5.75699997 -2.0630452789100615 -0.3815521347910998 2.8005555600734313
HD_75860 29129672 09 SPOC 120 6.72310019 -0.971623974271121 -0.32330452699975165 2.934280551126167
HD_75860 29129672 08 SPOC 120 6.72310019 -2.3038678695751034 -0.6764155679300816 2.017749085817832
CD-53_4543 288095171 11 SPOC 120 8.86200047 -1.9938574855956652 -0.11692798715563418 1.934674852402196
V*_LN_Hya 228758232 10 SPOC 120 6.08620024 -1.2641954115333338 0.266142434725906 2.8428525714708517
V*_LN_Hya 228758232 37 SPOC 120 6.08620024 -1.7173581681431704 -0.02784821097652787 2.8384410544583996
V*_LN_Hya 228758232 64 SPOC 120 6.08620024 -1.3115058051123967 -0.04803102557709574 2.820887602547634
HD_194279 13877074 15 SPOC 120 5.83909988 -1.3637762322393543 -0.13875602783653962 2.800247257314086
HD_194279 13877074 14 SPOC 120 5.83909988 -1.7653504687710777 -0.4817547303163075 2.427789633225426
HD_194279 13877074 41 SPOC 120 5.83909988 -1.3422469861062407 0.1839329036576203 2.994999159188055
HD_194279 13877074 82 SPOC 120 5.83909988 -2.576724997939705 -0.14033893921269303 2.5907238220765416
HD_194279 13877074 75 SPOC 120 5.83909988 -1.8588571458953265 -0.2586676300687117 2.844287588288493
HD_194279 13877074 81 SPOC 120 5.83909988 -1.8557416610476114 -0.41100699080082526 2.60256575318722
*_l_Pup 126441970 07 SPOC 120 3.69751 -1.430935636422088 0.04154499157630787 2.778660359449589
*_l_Pup 126441970 34 SPOC 120 3.69751 -1.5010974866299167 0.32788454320538724 2.7524403059708424
*_l_Pup 126441970 61 SPOC 120 3.69751 -1.9965944371378155 -0.26393442844159776 3.03266451492598
*_l_Pup 126441970 88 SPOC 20 3.69751 -1.5413489775830191 -0.05588113276386359 2.8804288994803966
*_l_Pup 126441970 88 SPOC 120 3.69751 -1.9283213102776828 -0.07370269688225961 2.688826238234392
HD_190603 106111735 14 SPOC 120 5.07929993 -1.7516253860917967 -0.3898687366072648 2.3515666973866725
HD_190603 106111735 55 SPOC 120 5.07929993 -1.2020428082395718 -0.02025975918699713 2.7164736948980144
HD_190603 106111735 54 SPOC 120 5.07929993 -1.4480298220622234 -0.2851003212111442 3.1319469110693885
HD_190603 106111735 82 SPOC 120 5.07929993 -1.1337565952443796 0.09670153382200926 2.680533347558066
HD_190603 106111735 75 SPOC 120 5.07929993 -1.8665603279172707 -0.426921957207197 3.1489336048519965
HD_190603 106111735 74 SPOC 120 5.07929993 -2.1038289888098025 -0.44758260284392526 2.846752717299337
HD_190603 106111735 81 SPOC 120 5.07929993 -1.8603830716029073 -0.41314921398308846 2.9438249606033717
HD_237204 72696935 19 SPOC 120 8.89109993 -0.23503214579880796 -0.4860443927912313 2.169321710333444
HD_237204 72696935 59 SPOC 120 8.89109993 -1.0915010936417415 -0.2652380189297432 2.338487647986704
HD_237204 72696935 86 SPOC 120 8.89109993 0.36645402348436196 -0.45820479332992936 2.1456790229842126
HD_213405 337886863 18 SPOC 120 7.55359983 -1.6779159129633332 -0.5121838511933897 3.1596466063849977
HD_213405 337886863 17 SPOC 120 7.55359983 -2.7802601438247936 -0.1554854982942854 2.3614977404725064
HD_213405 337886863 16 SPOC 120 7.55359983 -3.231386937551164 -0.12544442218797883 2.441125352067358
HD_213405 337886863 24 SPOC 120 7.55359983 -1.4573156393101745 -0.12207540679908303 2.946076961535302
HD_213405 337886863 58 SPOC 120 7.55359983 -2.32384699071482 -0.2965824026517889 2.93712063521082
HD_213405 337886863 57 SPOC 120 7.55359983 -2.5131511883935094 -0.18088602017549854 2.7873996567356647
HD_213405 337886863 85 SPOC 120 7.55359983 -2.885822647186038 -0.15994243006409456 2.373312017817324
HD_213405 337886863 78 SPOC 120 7.55359983 -3.3372737731180853 -0.27258887619229766 2.423615899512099
HD_213405 337886863 77 SPOC 120 7.55359983 -3.1796190894723844 -0.19442809534744895 2.373070107213439
HD_213405 337886863 84 SPOC 120 7.55359983 -2.962312626567157 -0.10152163275257164 2.6614773932585485
*_6_Cep 275420565 18 SPOC 120 4.84619999 -3.6567565061246654 -0.6773277308747323 1.9154005793628683
*_6_Cep 275420565 17 SPOC 120 4.84619999 -3.1111765169532877 -0.2457161115568927 2.030392035530832
*_6_Cep 275420565 16 SPOC 120 4.84619999 -1.770787233237415 -0.23781005152869564 2.572023200701071
*_6_Cep 275420565 24 SPOC 120 4.84619999 -3.062264817518098 -0.09911509702938515 2.0734781903470045
*_6_Cep 275420565 58 SPOC 120 4.84619999 -1.7915805952991748 0.1156218638735379 2.7736529272751778
*_6_Cep 275420565 56 SPOC 120 4.84619999 -3.1286004259763827 -0.1266542092150476 2.3360159415118935
*_6_Cep 275420565 85 SPOC 20 4.84619999 -1.8931847214766173 -0.11899115815807043 2.83901184379152
*_6_Cep 275420565 85 SPOC 120 4.84619999 -2.41436225129609 -0.20733554842268215 2.329448957527692
*_6_Cep 275420565 83 SPOC 120 4.84619999 -1.5247233284197772 0.07603624979021208 3.085201808567519
*_6_Cep 275420565 78 SPOC 120 4.84619999 -2.177248481928331 -0.2909685037150316 2.8129013094662194
*_6_Cep 275420565 77 SPOC 120 4.84619999 -2.084296438789398 -0.24474831142150688 2.7199908253379004
*_6_Cep 275420565 76 SPOC 120 4.84619999 -1.9070390969208326 -0.26047123291989127 2.79863340040398
V*_V454_Vel 180730928 08 SPOC 120 7.5237999 -1.7012761191811292 -0.2346667571790973 3.095079899875749
V*_V454_Vel 180730928 61 SPOC 120 7.5237999 -2.663994320188147 -0.22975675499930956 2.530225333682728
V*_V454_Vel 180730928 62 SPOC 120 7.5237999 -1.9517984403163289 0.39944020827593835 3.071759288247018
HD_34921 143681075 19 SPOC 120 7.02769995 -2.4156857684878763 -0.2092940420081047 2.3820824880223603
HD_34921 143681075 59 SPOC 120 7.02769995 -3.422148316046342 -0.1182606266206724 2.452850173743316
HD_34921 143681075 73 SPOC 120 7.02769995 -2.3753579263211315 -0.19930714373466898 2.7555152461527213
HD_34921 143681075 86 SPOC 120 7.02769995 -2.917648363216723 -0.23314998508944026 2.35600338220328
