Name TIC_ID Sector Author Exptime Magnitude SlopeB Slope2B BreakpointB
0_RS_Oph 6348255 80 SPOC 20 9.46450043 -0.967808562389024 -1.4706713978122408 1.6989700043360187
0_RS_Oph 6348255 80 SPOC 120 9.46450043 -1.488508978947905 -1.5365084228039796 1.6989700043360187
0_SULyn 11670502 20 SPOC 120 5.00400019 -1.4292934076823756 -0.21065878583881018 2.0
0_SULyn 11670502 60 SPOC 120 5.00400019 -1.5609641459278623 -0.8734571532258809 2.0
0_SULyn 11670502 73 SPOC 120 5.00400019 -1.6381751211843723 -0.6255897491544516 1.9815695921022052
0_SULyn 11670502 20 TESS-SPOC 1800 5.00400019 -1.7542591425358454 -0.1656125638386835 1.8525567368176419
0_SULyn 11670502 60 TESS-SPOC 200 5.00400019 -2.212323697193055 -1.9891225915343755 2.0
0_V1044_Cen 30541762 37 SPOC 120 8.69349957 0.20751709509061045 -1.6761250841278492 1.7112569429345486
0_V1044_Cen 30541762 37 TESS-SPOC 600 8.69349957 -0.7125320289290527 -1.6131597280809855 1.6989700043360187
0_V1044_Cen 30541762 64 TESS-SPOC 200 8.69349957 -0.048945462983782904 -1.6217029715700644 1.6989700043360187
0_BX_Mon 64333488 07 SPOC 120 8.61250019 -1.404403025839209 -0.7361250089732811 1.6989700043360187
0_BX_Mon 64333488 07 TESS-SPOC 1800 8.61250019 -3.2504338898408114 0.03880357246948998 1.6989700043360187
0_EG_And 115780639 17 SPOC 120 5.2986002 -0.3509863992032888 -1.9242912327008725 1.8156959210220522
0_EG_And 115780639 57 SPOC 120 5.2986002 -2.784742555259949 -0.4927593550406773 1.8095524517227874
0_EG_And 115780639 84 SPOC 120 5.2986002 -2.1163105446792927 -0.7731249635086321 2.0
0_EG_And 115780639 17 TESS-SPOC 1800 5.2986002 -1.9286522923531104 -0.9748898256528449 2.0
0_EG_And 115780639 57 TESS-SPOC 200 5.2986002 -3.289109900728187 -1.7159428140421913 1.7051134736352838
0_ASAS_J152058-4519.7 146068950 65 TESS-SPOC 200 9.16180038 -2.4539949592520527 -0.5379720169015874 2.0
0_RTCru 180045004 64 TESS-SPOC 200 8.87969971 -2.4794814769046134 -1.2838093838475888 1.7481177587301382
0_RTCru 180045004 65 TESS-SPOC 200 8.87969971 -2.0187631046718035 -1.2608132453804815 1.8279828596205823
0_omi_Cet_Mira 332890609 04 SPOC 120 2.25900006 -2.3395900738312294 -1.7507462438744554 1.9385653070073507
0_omi_Cet_Mira 332890609 31 SPOC 120 2.25900006 -0.6693484901572354 -0.9323273106582846 1.8279828596205823
0_omi_Cet_Mira 332890609 04 TESS-SPOC 1800 2.25900006 -2.6075804586083913 -0.5525300698965019 1.6989700043360187
0_omi_Cet_Mira 332890609 31 TESS-SPOC 600 2.25900006 -1.3267905771812076 -0.981024713744096 1.920134899109556
0_CHCyg 350739215 14 SPOC 120 3.7260499 -1.8259602830028565 -1.3384042015951076 2.0
0_CHCyg 350739215 15 SPOC 120 3.7260499 -1.986445077837813 -0.8403428588872012 1.6989700043360187
0_CHCyg 350739215 40 SPOC 120 3.7260499 -1.2712652101380422 -1.6511478488223763 2.0
0_CHCyg 350739215 54 SPOC 120 3.7260499 -1.096606605679296 -1.450814561701446 1.8709871447154367
0_CHCyg 350739215 56 SPOC 120 3.7260499 -1.9797390948267442 -1.62989484934668 1.760404697328668
0_CHCyg 350739215 55 SPOC 120 3.7260499 -1.5629277858773805 -1.262409015231481 1.8156959210220522
0_CHCyg 350739215 74 SPOC 20 3.7260499 -1.9684919683159585 -0.4106406608353001 2.0
0_CHCyg 350739215 82 SPOC 20 3.7260499 -0.9451360872859266 -0.7601917821435351 1.920134899109556
0_CHCyg 350739215 81 SPOC 20 3.7260499 -2.551534971750663 -0.8462688539171523 1.7481177587301382
0_CHCyg 350739215 80 SPOC 20 3.7260499 -1.9786861650423497 -1.4819318327265267 1.9877130614014702
0_CHCyg 350739215 75 SPOC 20 3.7260499 -2.4106896354938216 -0.7017831495106271 1.8525567368176419
0_CHCyg 350739215 82 SPOC 120 3.7260499 -0.6780747467104093 -0.568079247150987 1.6989700043360187
0_CHCyg 350739215 74 SPOC 120 3.7260499 -2.358150362426994 -0.7458249545751278 1.8648436754161717
0_CHCyg 350739215 75 SPOC 120 3.7260499 -0.9021851798155437 -1.0130608295923984 1.9017044912117613
0_CHCyg 350739215 80 SPOC 120 3.7260499 -1.1211330171941918 -1.0776243231481455 1.7788351052264628
0_CHCyg 350739215 81 SPOC 120 3.7260499 -0.9440877559251872 -1.495921493524993 1.840269798219112
0_CHCyg 350739215 15 TESS-SPOC 1800 3.7260499 -1.9853138347065173 -0.509592572284519 2.0
0_CHCyg 350739215 14 TESS-SPOC 1800 3.7260499 -1.484766384251926 -0.4356484098832722 2.0
0_CHCyg 350739215 40 TESS-SPOC 600 3.7260499 -1.2572435575874943 -1.3510280767785383 1.8955610219124963
0_CHCyg 350739215 56 TESS-SPOC 200 3.7260499 -2.0153677111651693 -1.6144953605143872 1.766548166627933
0_CHCyg 350739215 54 TESS-SPOC 600 3.7260499 -1.2881970736503812 -1.3786883625876818 1.993856530700735
0_CHCyg 350739215 55 TESS-SPOC 600 3.7260499 -1.407728728323881 -1.2908032741644304 2.0
0_V407_Cyg 357457104 16 SPOC 120 9.52099991 -1.3408408765582167 -1.4129275537688308 1.754261228029403
0_V407_Cyg 357457104 15 SPOC 120 9.52099991 -1.255953908222439 -0.012626883978195025 2.0
0_V407_Cyg 357457104 55 SPOC 20 9.52099991 -1.8343802988154718 -0.5016515700571361 1.993856530700735
0_V407_Cyg 357457104 56 SPOC 120 9.52099991 -1.1143996438632806 -0.09332022763071629 1.926278368408821
0_V407_Cyg 357457104 55 SPOC 120 9.52099991 -1.761619836049193 -0.10187052628975352 2.0
0_V407_Cyg 357457104 83 SPOC 120 9.52099991 -1.9420649196133308 -0.8925890692650034 1.7788351052264628
0_V407_Cyg 357457104 76 SPOC 120 9.52099991 -0.9810871931065904 -1.4642597161840318 1.6989700043360187
0_V407_Cyg 357457104 75 SPOC 120 9.52099991 -1.7309558615847964 -0.24915601764424938 2.0
0_V407_Cyg 357457104 82 SPOC 120 9.52099991 -1.3861417122554194 -1.9845007515497524 1.7419742894308732
0_V407_Cyg 357457104 16 TESS-SPOC 1800 9.52099991 -1.5352445463001756 -0.24429389345320898 1.9385653070073507
0_V407_Cyg 357457104 15 TESS-SPOC 1800 9.52099991 -0.9380663101853414 -0.20678057340251307 1.8955610219124963
0_V407_Cyg 357457104 56 TESS-SPOC 200 9.52099991 -1.6790225024820165 -0.28410243632447557 2.0
0_V407_Cyg 357457104 55 TESS-SPOC 600 9.52099991 -2.05702687579097 -1.3668185161342636 2.0
0_CN_Cha 394916057 64 TESS-SPOC 200 7.02040005 -1.995028171484638 -0.7870274524279983 2.0
0_CN_Cha 394916057 66 TESS-SPOC 200 7.02040005 -2.1086843662333767 -1.109345706734958 2.0
0_694_Mon 403675153 87 SPOC 120 8.64610004 -2.7518863701648004 -1.1177219430855978 2.0
0_ZZCMi 453173127 87 SPOC 120 6.38019991 -2.1084586433525008 -1.3716718340292828 2.0
0_TCrB 462607643 24 SPOC 120 7.72919989 -0.9586893138630066 -1.4903868812539467 1.8525567368176419
0_TCrB 462607643 25 SPOC 120 7.72919989 -1.2413705618516362 -1.445876496994918 1.8525567368176419
0_TCrB 462607643 51 SPOC 20 7.72919989 -1.781499361620124 -1.38239546501903 1.6989700043360187
0_TCrB 462607643 51 SPOC 120 7.72919989 -1.258688133759102 -1.4115618339425222 2.0
0_TCrB 462607643 78 SPOC 20 7.72919989 -0.9713756031704952 -1.3704692598114803 2.0
0_TCrB 462607643 78 SPOC 120 7.72919989 -1.0931455679123152 -1.3571706326578432 2.0
0_TCrB 462607643 24 TESS-SPOC 1800 7.72919989 -1.1831112218020392 -0.9526183897471948 1.9017044912117613
0_TCrB 462607643 25 TESS-SPOC 1800 7.72919989 -1.7753416869579397 -0.9974088691896912 1.7481177587301382
0_TCrB 462607643 51 TESS-SPOC 600 7.72919989 -1.3401404488491255 -1.3606456565995777 2.0
0_V648_Car 463038319 36 SPOC 120 6.92519999 -1.7277074615009644 -1.5473823232475712 1.7235438815330784
0_V648_Car 463038319 37 SPOC 120 6.92519999 -0.6906832590317383 -1.550765645366877 2.0
0_V648_Car 463038319 36 TESS-SPOC 600 6.92519999 -1.7813178034315233 -1.5639121281072834 1.7296873508323434
0_V648_Car 463038319 37 TESS-SPOC 600 6.92519999 -0.7049665327598045 -1.6132245169013777 1.9815695921022052
0_V648_Car 463038319 63 TESS-SPOC 200 6.92519999 -1.4333883830636809 -1.228830763098316 1.8894175526132313
0_V648_Car 463038319 64 TESS-SPOC 200 6.92519999 -1.1457828061221016 -1.4266276135673202 1.9815695921022052
1_Z_And 26011110 57 TESS-SPOC 200 8.11200047 -3.6538594004838183 -0.866008464000639 1.8156959210220522
1_V417_CMa 63477133 87 SPOC 120 8.01249981 -1.706850458752649 -1.5209740989936549 1.7419742894308732
1_V417_CMa 63477133 88 SPOC 120 8.01249981 -1.6783075094685815 -1.430690740949583 2.0
1_NQGem 94748223 71 SPOC 20 6.22539997 -1.5033597537067218 -1.3917375319341045 1.9078479605110261
1_NQGem 94748223 72 SPOC 20 6.22539997 -2.1964351932619954 -1.4028600505521749 1.7235438815330784
1_NQGem 94748223 71 SPOC 120 6.22539997 -1.7299939396699762 -1.006367974311391 1.9385653070073507
1_NQGem 94748223 72 SPOC 120 6.22539997 -1.700653447671484 -1.2762906987513467 1.7112569429345486
1_NQGem 94748223 71 TESS-SPOC 200 6.22539997 -1.9192428346534633 -1.231521187136205 1.8525567368176419
1_NQGem 94748223 72 TESS-SPOC 200 6.22539997 -1.8669236852470064 -1.1132491552745634 1.9078479605110261
1_RX_Pup 182401518 35 SPOC 120 10.90139961 -2.2084399966260704 -0.1419235624834361 2.0
1_RX_Pup 182401518 88 SPOC 120 10.90139961 -2.5456548802721377 -0.472557228117167 2.0
1_RX_Pup 182401518 89 SPOC 120 10.90139961 -2.7843374655116393 -0.5321968256574655 2.0
1_RX_Pup 182401518 35 TESS-SPOC 600 10.90139961 -2.0204068795478833 -0.2413425228318606 2.0
1_Hen_3-461 303495210 37 SPOC 20 8.19069958 -1.480720123560491 -1.350939892040943 1.9017044912117613
1_Hen_3-461 303495210 36 SPOC 120 8.19069958 -1.0907373168070897 -1.2587740998674306 2.0
1_Hen_3-461 303495210 37 SPOC 120 8.19069958 -1.549656101840671 -1.2741422331492644 1.8464132675183769
1_Hen_3-461 303495210 63 SPOC 20 8.19069958 -2.1790602991414194 -1.7737759456268882 1.9385653070073507
1_Hen_3-461 303495210 63 SPOC 120 8.19069958 -1.812546334366191 -0.5191914733065962 2.0
1_Hen_3-461 303495210 36 TESS-SPOC 600 8.19069958 -1.175527769187006 -0.10214852975279928 1.9692826535036754
1_Hen_3-461 303495210 37 TESS-SPOC 600 8.19069958 -1.8097156613828809 -0.7076393350110384 1.920134899109556
1_Hen_3-461 303495210 63 TESS-SPOC 200 8.19069958 -3.538675318147748 -0.9657912292115318 1.8279828596205823
1_AR_Pav 304202168 66 TESS-SPOC 200 9.81649971 -2.596903145035075 -1.4625561264152265 1.8218393903213173
1_BICru 311758230 37 SPOC 120 9.53369999 -1.9195647552584119 -1.678690885702727 2.0
1_BICru 311758230 38 SPOC 120 9.53369999 -0.7680392500708328 -2.0332012985984087 1.766548166627933
1_BICru 311758230 37 TESS-SPOC 600 9.53369999 -2.584933365172436 -2.0253816158639935 1.7972655131242576
1_BICru 311758230 38 TESS-SPOC 600 9.53369999 -2.088407688299328 -1.4290720171359284 2.0
1_BICru 311758230 64 TESS-SPOC 200 9.53369999 -3.7951910173461276 -1.0289519392031197 1.8095524517227874
1_BICru 311758230 65 TESS-SPOC 200 9.53369999 -2.343347603620615 -0.7360834180665764 2.0
1_NSV_20400 442569144 65 TESS-SPOC 200 10.68879986 -1.5775344877469353 -0.9174654802282207 2.0
1_420_Hya 443619246 37 SPOC 120 7.36730003 -1.0553835304337957 -1.2693662089252669 1.6989700043360187
1_420_Hya 443619246 37 TESS-SPOC 600 7.36730003 -1.2422443731793291 -1.07457711860703 1.6989700043360187
1_420_Hya 443619246 64 TESS-SPOC 200 7.36730003 -1.4689702899545727 -1.3444108705856246 2.0
1_KXTrA 447290900 66 TESS-SPOC 200 9.74030018 -1.2696725614492812 -1.809621229122538 1.8709871447154367
1_AX_Per 453231036 58 TESS-SPOC 200 8.74050045 -1.642871943209585 -0.7125093832555774 1.8279828596205823
2_UV_Aur 2688613 45 SPOC 120 6.38730001 -1.8477585613925778 -1.9799430416833612 1.9754261228029404
2_UV_Aur 2688613 43 SPOC 120 6.38730001 -1.5369172075174071 -1.5711377124785046 2.0
2_UV_Aur 2688613 44 SPOC 120 6.38730001 -1.2132188241112913 -1.7293473998034343 1.6989700043360187
2_UV_Aur 2688613 45 TESS-SPOC 600 6.38730001 -2.0264640654297694 -1.4189791867468007 2.0
2_UV_Aur 2688613 44 TESS-SPOC 600 6.38730001 -2.0335731579635534 -1.22565245450796 2.0
2_UV_Aur 2688613 43 TESS-SPOC 600 6.38730001 -2.028862083584724 -1.3726640248965072 2.0
2_UV_Aur 2688613 59 TESS-SPOC 200 6.38730001 -1.6869464168092048 -1.8120603712676806 2.0
2_UV_Aur 2688613 71 TESS-SPOC 200 6.38730001 -3.0909147017481162 -1.4566661784703938 1.7788351052264628
2_PN_MaC_1-17 7064267 80 SPOC 20 16.67760086 -1.2499562923329157 -0.1196702078534578 2.0
2_PN_MaC_1-17 7064267 80 SPOC 120 16.67760086 -0.27222082847488377 -0.10436992890501487 1.9447087763066158
2_Hen_3-1213 26292371 66 TESS-SPOC 200 9.82540035 -2.2718460607866744 -0.18039817207382858 1.834126328919847
2_AE_Ara 30667659 66 TESS-SPOC 200 9.9289999 -2.685686232164014 -0.31162885075456287 1.8709871447154367
2_IV_Vir 46022938 64 SPOC 120 9.34029961 -0.34050742761920455 -0.6514635870213136 1.6989700043360187
2_IV_Vir 46022938 64 TESS-SPOC 200 9.34029961 -1.760955368396104 -0.5151701740917417 2.0
2_RW_Hya 58761688 37 SPOC 120 7.2256999 -1.1114203490434247 -0.24610803353043273 2.0
2_RW_Hya 58761688 37 TESS-SPOC 600 7.2256999 -0.4477727052699605 0.11420086748717284 2.0
2_RW_Hya 58761688 64 TESS-SPOC 200 7.2256999 -1.6729049210530464 -0.8390526688209463 2.0
2_CI_Cyg 83299618 81 SPOC 20 7.94080019 -2.5873643092528678 -1.055003931912442 1.7358308201316084
2_CI_Cyg 83299618 75 SPOC 20 7.94080019 -1.6081536143538087 -0.6079451759735506 2.0
2_CI_Cyg 83299618 74 SPOC 20 7.94080019 -2.2103940243662925 -1.5612171402637438 1.8709871447154367
2_CI_Cyg 83299618 82 SPOC 20 7.94080019 -2.5153901122649804 -1.2429927641830594 1.8156959210220522
2_CI_Cyg 83299618 82 SPOC 120 7.94080019 -1.1216956121809813 -0.12251114859458691 1.993856530700735
2_CI_Cyg 83299618 81 SPOC 120 7.94080019 -2.2783939575871366 -1.4066214791748637 1.7296873508323434
2_CI_Cyg 83299618 75 SPOC 120 7.94080019 -1.746181138310089 -0.5640760926611882 1.9078479605110261
2_CI_Cyg 83299618 74 SPOC 120 7.94080019 -1.868893820672222 -0.5038600816588326 2.0
2_DD_Mic 126658353 01 SPOC 120 9.92549992 -1.0763179803116019 -0.17344970947618296 1.9754261228029404
2_DD_Mic 126658353 27 SPOC 120 9.92549992 -1.3391406542901374 -0.06351418548553897 1.9017044912117613
2_DD_Mic 126658353 01 TESS-SPOC 1800 9.92549992 -1.7148157748879438 -0.5924899812563568 1.920134899109556
2_DD_Mic 126658353 27 TESS-SPOC 600 9.92549992 -1.4099435418936597 -0.15922382416450698 1.9692826535036754
2_DD_Mic 126658353 67 TESS-SPOC 200 9.92549992 -3.0778579880209125 -0.45686271001531364 1.840269798219112
2_Hen_3-160 139977336 36 SPOC 120 12.51599979 -2.4899825710688783 -0.416202345446638 1.8279828596205823
2_Hen_3-160 139977336 35 SPOC 120 12.51599979 -1.6962030012688332 -0.29071200170649614 2.0
2_Hen_3-160 139977336 36 TESS-SPOC 600 12.51599979 -2.1088683731548765 -1.2518365777110356 2.0
2_Hen_3-160 139977336 35 TESS-SPOC 600 12.51599979 -2.0452820806619116 -0.9877111799241021 2.0
2_WRAY_15-157 154230723 88 SPOC 120 11.85680008 -1.2620823274680668 -0.21139308961282716 1.9754261228029404
2_V1016_Cyg 171876171 41 SPOC 20 11.21310043 -1.1091097933355776 -0.08081503972811256 1.7112569429345486
2_V1016_Cyg 171876171 41 SPOC 120 11.21310043 -0.3123924482714287 0.03689587261494003 1.8218393903213173
2_V1016_Cyg 171876171 55 SPOC 20 11.21310043 -0.6992659543717606 -0.11608982878368476 1.9631391842044104
2_V1016_Cyg 171876171 54 SPOC 20 11.21310043 -1.0769155765666756 -0.22891544632646282 1.6989700043360187
2_V1016_Cyg 171876171 55 SPOC 120 11.21310043 -0.2819192874710033 -0.07050819125968315 1.9139914298102911
2_V1016_Cyg 171876171 54 SPOC 120 11.21310043 -0.6333976591821021 -0.08411850125098702 1.9631391842044104
2_V1016_Cyg 171876171 81 SPOC 20 11.21310043 -0.5870536537241289 -0.04199109081898687 2.0
2_V1016_Cyg 171876171 75 SPOC 20 11.21310043 -0.8655533932651012 -0.011486658829591196 1.7788351052264628
2_V1016_Cyg 171876171 82 SPOC 20 11.21310043 -0.9878733712001396 -0.02969177279298679 1.9139914298102911
2_V1016_Cyg 171876171 82 SPOC 120 11.21310043 -0.3446568430716246 0.06490897639759591 1.9385653070073507
2_V1016_Cyg 171876171 81 SPOC 120 11.21310043 -0.21415827793060185 -0.0721448804486861 1.754261228029403
2_V1016_Cyg 171876171 75 SPOC 120 11.21310043 -0.30976110195749834 -0.01426894354346545 1.7849785745257276
2_V1016_Cyg 171876171 41 TESS-SPOC 600 11.21310043 -0.24174800450958395 0.17219347372600194 2.0
2_V1016_Cyg 171876171 55 TESS-SPOC 600 11.21310043 -0.3056998901351127 0.012220041851832794 2.0
2_V1016_Cyg 171876171 54 TESS-SPOC 600 11.21310043 -0.44680771935559604 -0.04811278644753107 1.920134899109556
2_V1329_Cyg 230861869 41 SPOC 20 10.96430016 -2.0094019442133515 -1.065742441148898 1.6989700043360187
2_V1329_Cyg 230861869 41 SPOC 120 10.96430016 -1.452746801685498 -0.5798245338967845 2.0
2_V1329_Cyg 230861869 55 SPOC 20 10.96430016 -2.0213153124605028 -1.1161744872080253 2.0
2_V1329_Cyg 230861869 55 SPOC 120 10.96430016 -1.0084527735406958 -0.017250655520061258 2.0
2_V1329_Cyg 230861869 75 SPOC 20 10.96430016 -1.954318902295135 -0.4217395844527843 2.0
2_V1329_Cyg 230861869 82 SPOC 20 10.96430016 -1.817986316345736 -0.5798532019446991 2.0
2_V1329_Cyg 230861869 82 SPOC 120 10.96430016 -1.569339283355243 -0.6613176526898413 2.0
2_V1329_Cyg 230861869 75 SPOC 120 10.96430016 -0.9756052350293644 -0.13509395551101844 2.0
2_V1329_Cyg 230861869 41 TESS-SPOC 600 10.96430016 -1.4671746618855632 0.08750217124596155 2.0
2_V1329_Cyg 230861869 55 TESS-SPOC 600 10.96430016 -1.9006788009569693 -0.2638075476395955 2.0
2_AG_Dra 237100139 78 SPOC 20 8.375 -2.078527931710301 -0.24407285391913794 2.0
2_AG_Dra 237100139 74 SPOC 20 8.375 -1.7180641852888836 -0.5916065615479219 2.0
2_AG_Dra 237100139 83 SPOC 20 8.375 -2.051588735147878 -0.9065684064803958 2.0
2_AG_Dra 237100139 82 SPOC 20 8.375 -2.1635849331068733 -0.9995438349244559 1.9447087763066158
2_AG_Dra 237100139 75 SPOC 20 8.375 -2.1669102255258763 -0.5108123313790541 2.0
2_AG_Dra 237100139 81 SPOC 20 8.375 -2.007840357824068 -0.5752805133721921 2.0
2_AG_Dra 237100139 80 SPOC 20 8.375 -2.250443448338784 -1.7187804431335423 1.8034089824235224
2_AG_Dra 237100139 76 SPOC 20 8.375 -2.0266168599968117 -1.0963979642462383 2.0
2_AG_Dra 237100139 79 SPOC 20 8.375 -2.955036387338401 -0.6602135251345231 1.8095524517227874
2_AG_Dra 237100139 77 SPOC 20 8.375 -1.243425810495955 -1.3485121916446479 1.7174004122338136
2_AG_Dra 237100139 74 SPOC 120 8.375 -1.720382088402887 -0.599757370625697 2.0
2_AG_Dra 237100139 75 SPOC 120 8.375 -3.0819586504777545 -0.587611088817083 1.7726916359271978
2_AG_Dra 237100139 76 SPOC 120 8.375 -1.9337684643825452 -0.31606527294359377 1.858700206116907
2_AG_Dra 237100139 85 SPOC 120 8.375 -2.690188628381391 -1.1516582228740713 1.840269798219112
2_AG_Dra 237100139 78 SPOC 120 8.375 -1.3306541200642783 0.013824499808161757 2.0
2_AG_Dra 237100139 79 SPOC 120 8.375 -1.7613580261382331 -0.5757924824488744 2.0
2_AG_Dra 237100139 80 SPOC 120 8.375 -1.734171709996095 -1.2967424324529224 1.6989700043360187
2_AG_Dra 237100139 81 SPOC 120 8.375 -1.9938109735103813 -0.44192662926513415 2.0
2_AG_Dra 237100139 82 SPOC 120 8.375 -2.2197645264954318 -0.8137818500459895 2.0
2_AG_Dra 237100139 83 SPOC 120 8.375 -1.9168823071663086 -0.8471088162179209 2.0
2_AG_Dra 237100139 77 SPOC 120 8.375 -1.6016877636621027 -0.878885130343429 1.9385653070073507
2_AG_Dra 237100139 84 SPOC 120 8.375 -1.5768747056283394 -1.7264435498109723 1.7296873508323434
2_AG_Dra 237100139 56 TESS-SPOC 200 8.375 -2.695263976254603 -0.8373025806991319 1.8156959210220522
2_AG_Dra 237100139 60 TESS-SPOC 200 8.375 -1.9486399059112363 -0.5385614673388954 2.0
2_AG_Dra 237100139 58 TESS-SPOC 200 8.375 -1.4198602661985724 -0.8803382114329342 2.0
2_AG_Dra 237100139 57 TESS-SPOC 200 8.375 -2.1245747336603196 -0.6253685005621337 2.0
2_V471_Per 241112109 85 SPOC 120 11.92399979 -1.8041152217692786 -0.1853173478883651 2.0
2_Hen_3-860 244876801 37 SPOC 120 11.87720013 -0.9249575288682333 0.025573540978767552 1.8832740833139665
2_Hen_3-860 244876801 38 SPOC 120 11.87720013 -0.45772233266423323 -0.0845104923998854 2.0
2_Hen_3-860 244876801 37 TESS-SPOC 600 11.87720013 -1.233051835017145 -0.08778177467843057 1.926278368408821
2_Hen_3-860 244876801 38 TESS-SPOC 600 11.87720013 -0.44708997157419583 -0.10470211229227906 2.0
2_Hen_3-863 244906894 37 SPOC 120 10.95740032 -1.3680653989566893 -0.1458766098146791 2.0
2_Hen_3-863 244906894 37 TESS-SPOC 600 10.95740032 -1.5059231393211636 -0.14677238205888946 1.6989700043360187
2_StHA_180 248105480 81 SPOC 20 11.02519989 -1.860409202933458 -0.1333665285951658 1.8771306140147015
2_StHA_180 248105480 81 SPOC 120 11.02519989 -0.6597214342738407 0.0025735726560045607 1.8832740833139665
2_V934_Her 257212213 25 SPOC 120 5.74469995 -1.8884729132665456 -0.41039999288717355 2.0
2_V934_Her 257212213 52 SPOC 120 5.74469995 -1.9075008981232535 -0.3210817297553535 2.0
2_V934_Her 257212213 79 SPOC 20 5.74469995 -2.207232881768193 -1.096479260079385 2.0
2_V934_Her 257212213 79 SPOC 120 5.74469995 -1.2752535188805598 -1.633106475834139 1.6989700043360187
2_V934_Her 257212213 25 TESS-SPOC 1800 5.74469995 -1.8389244279695283 -0.2988213844499928 1.7051134736352838
2_V934_Her 257212213 52 TESS-SPOC 600 5.74469995 -1.99501556273668 -0.8549876926834229 2.0
2_HD_330036 279627924 65 TESS-SPOC 200 10.15069962 -1.320379419580756 0.0658505769362648 1.6989700043360187
2_ER_Del 282619434 81 SPOC 20 7.86609983 -1.1050937263045526 -1.3518609832549167 1.7911220438249926
2_ER_Del 282619434 81 SPOC 120 7.86609983 -1.9349539543262415 -0.576233096204257 2.0
2_StHA_32 298812903 05 SPOC 120 11.52449989 -0.15016068461988077 -0.17275075065659454 1.6989700043360187
2_StHA_32 298812903 05 TESS-SPOC 1800 11.52449989 -0.3236423941942238 -0.38226183648899187 1.8034089824235224
2_YY_Her 329668061 80 SPOC 20 10.77869987 -1.832945363966078 -0.5676526296849375 2.0
2_YY_Her 329668061 80 SPOC 120 10.77869987 -1.294657851025356 -0.1886340328899161 2.0
2_V443_Her 333326188 80 SPOC 20 8.74979973 -2.046879944551819 -1.060470843329177 2.0
2_V443_Her 333326188 80 SPOC 120 8.74979973 -1.9281818160447306 -0.44306269796920117 1.8771306140147015
2_V835_Cen 333861396 38 SPOC 120 12.69839954 -0.1444583959130534 -0.07114623693279228 1.7235438815330784
2_V835_Cen 333861396 38 TESS-SPOC 600 12.69839954 0.20034624142539556 -0.06910192068950831 1.6989700043360187
2_V417_Cen 334771334 38 SPOC 120 9.44839954 -1.203936579086399 -0.7363824935539549 1.6989700043360187
2_V417_Cen 334771334 38 TESS-SPOC 600 9.44839954 -0.8214481753776482 -0.05427236136233463 1.9078479605110261
2_V417_Cen 334771334 65 TESS-SPOC 200 9.44839954 -1.6267505607659156 -0.4143657123664079 2.0
2_HM_Sge 342021932 41 SPOC 20 11.24629974 -1.92679470233308 -1.2016790572998237 1.6989700043360187
2_HM_Sge 342021932 40 SPOC 20 11.24629974 -0.8021976225235926 0.06111136714909529 1.6989700043360187
2_HM_Sge 342021932 41 SPOC 120 11.24629974 -0.13984810982204837 -0.8488783579781819 1.766548166627933
2_HM_Sge 342021932 40 SPOC 120 11.24629974 -0.23382931958991612 -0.09988933685119775 1.9631391842044104
2_HM_Sge 342021932 54 SPOC 20 11.24629974 -0.21051615152023484 -0.1147872592655567 1.9877130614014702
2_HM_Sge 342021932 54 SPOC 120 11.24629974 -0.0950161947245827 -0.00635794007560627 1.9631391842044104
2_HM_Sge 342021932 81 SPOC 20 11.24629974 -1.0786034225019643 -0.12386883151448992 1.7174004122338136
2_HM_Sge 342021932 81 SPOC 120 11.24629974 -1.286414699312113 -0.05758833658228253 1.9324218377080857
2_HM_Sge 342021932 41 TESS-SPOC 600 11.24629974 -1.6467680311689634 0.24623644889401464 2.0
2_HM_Sge 342021932 40 TESS-SPOC 600 11.24629974 -1.583335381475896 -0.13201853452711942 1.920134899109556
2_HM_Sge 342021932 54 TESS-SPOC 600 11.24629974 -0.30693402098832284 -0.06674127969311092 1.9754261228029404
2_Hen_3-1768 346727757 27 SPOC 120 10.10210037 -1.93398346772884 -0.373460222565498 2.0
2_Hen_3-1768 346727757 39 SPOC 120 10.10210037 -2.1900063571926 -0.7731718371854095 1.6989700043360187
2_Hen_3-1768 346727757 27 TESS-SPOC 600 10.10210037 -1.9494982747458043 -1.240481257318011 1.6989700043360187
2_Hen_3-1768 346727757 39 TESS-SPOC 600 10.10210037 -2.031045759480618 -0.535903781660746 2.0
2_Hen_3-1768 346727757 66 TESS-SPOC 200 10.10210037 -2.1197342569956645 -0.6168010663781704 2.0
2_Hen_3-1768 346727757 67 TESS-SPOC 200 10.10210037 -1.775499592572405 -0.24576699325433682 2.0
2_AG_Peg 385053976 82 SPOC 20 6.85900021 -1.9937515148679557 -0.9115784742702072 2.0
2_AG_Peg 385053976 82 SPOC 120 6.85900021 -1.2600050551202528 -1.0026364616457246 1.6989700043360187
2_StHA_190 388775434 82 SPOC 20 9.66699982 -3.42275330235207 -0.6510206269629047 1.8279828596205823
2_StHA_190 388775434 82 SPOC 120 9.66699982 -3.634185927746618 -0.8053764783920169 1.8095524517227874
2_TX_CVn 389852937 76 SPOC 20 8.73659992 -2.0163652618009253 -1.496582930175099 2.0
2_TX_CVn 389852937 76 SPOC 120 8.73659992 -2.0638619494654096 -0.28566893056148485 2.0
2_PU_Vul 402762666 55 SPOC 20 9.94200039 -1.9647152030816968 -1.1121339937155883 1.9692826535036754
2_PU_Vul 402762666 54 SPOC 20 9.94200039 -1.833348087827239 -0.8536709724754004 1.9139914298102911
2_PU_Vul 402762666 55 SPOC 120 9.94200039 -1.205674536402194 -0.7932254417957588 1.6989700043360187
2_PU_Vul 402762666 54 SPOC 120 9.94200039 -1.7522382585253238 -0.7740401075472166 2.0
2_PU_Vul 402762666 81 SPOC 20 9.94200039 -2.017659993076069 -0.9061074491495005 2.0
2_PU_Vul 402762666 82 SPOC 20 9.94200039 -1.4779777886888517 -0.23721349234489345 2.0
2_PU_Vul 402762666 82 SPOC 120 9.94200039 -1.3928954179590811 -0.14046302052396215 2.0
2_PU_Vul 402762666 81 SPOC 120 9.94200039 -2.4034012595132173 -0.5993432943758452 1.920134899109556
2_PU_Vul 402762666 55 TESS-SPOC 600 9.94200039 -1.961600193536774 -0.31460639788368633 1.9139914298102911
2_PU_Vul 402762666 54 TESS-SPOC 600 9.94200039 -1.5879877739617625 -0.24879254838056203 2.0
2_RR_Tel 421990485 27 SPOC 120 10.88379955 -2.3483552582030605 -0.9675265175520231 1.6989700043360187
2_RR_Tel 421990485 67 SPOC 120 10.88379955 -2.2027060618445033 -1.6185823128908985 1.7419742894308732
2_RR_Tel 421990485 27 TESS-SPOC 600 10.88379955 -1.5035902318062142 -0.07707484448073934 2.0
2_RR_Tel 421990485 67 TESS-SPOC 200 10.88379955 -2.0335155813281895 -1.0834603055782541 2.0
2_V399_Pav 466125998 27 SPOC 120 8.69769955 -1.3187301036175076 -1.4787553586330762 1.6989700043360187
2_V399_Pav 466125998 27 TESS-SPOC 600 8.69769955 -1.8964824987402495 -0.830375820869687 2.0
2_V399_Pav 466125998 66 TESS-SPOC 200 8.69769955 -3.182938045434461 -0.8206801636012309 1.8648436754161717
2_V399_Pav 466125998 67 TESS-SPOC 200 8.69769955 -2.079467063593443 -1.3478555239909906 1.8525567368176419
2_V366_Car 469253499 36 SPOC 120 10.67510033 -1.607817589881021 -0.47643676851008093 2.0
2_V366_Car 469253499 37 SPOC 120 10.67510033 -1.4207722497766961 -0.8680737723824954 2.0
2_V366_Car 469253499 36 TESS-SPOC 600 10.67510033 -1.793207487473027 -0.15635565830244394 2.0
2_V366_Car 469253499 37 TESS-SPOC 600 10.67510033 -1.7575344568094842 -0.2690539404627701 1.993856530700735
