Name	TIC_ID	Sector	Author	Exptime	Magnitude	RMS	Max_freq	Max_FAP	log(Alpha)	log(Tau)	Gamma	log(Bias)	Type	TypeColor	bump	lc_q	T-NUV	D(UV)	binarity_filter	A-B	Gamma2	Gamma_Tau	max_slope	max_slope2	CROWDSAP
V*_CI_Hyi	234300677	1	SPOC	120	5.26399994	1081.1221923828125	0.1058082865812028	0.0	9.526215222620598	-1.287658698070285	1.8100634924251455	5.151511543060793	xAGB	0	0	1	-999.0	-999.0	0	4.374703679559805	7.918491420549157	6.1495266039176295	-1.7866993	-7.81628	0.99783647
V*_CI_Hyi	234300677	2	SPOC	120	5.26399994	328.91607666015625	0.1112928449995294	0.0	7.648089736291762	-1.497823706639074	1.5170655800422583	4.039776514868365	xAGB	0	2	1	-999.0	-999.0	0	3.6083132214233977	5.474047790232836	3.6546676127298734	-1.47017771	-5.30486168	0.99799508
V*_CI_Hyi	234300677	27	SPOC	120	5.26399994	285.6085510253906	0.1806030030405006	0.0	7.91043886622001	-1.4713625503492118	1.8313960251735333	4.165197474508931	xAGB	0	0	1	-999.0	-999.0	0	3.745241391711079	6.859020198095061	4.661679201001241	-1.78293769	-6.67753202	0.99777871
V*_CI_Hyi	234300677	29	SPOC	120	5.26399994	503.6692810058594	0.0772020798930678	0.0	10.264923031589436	-1.3057746852042744	2.0832643978186383	5.735738324411198	xAGB	0	0	1	-999.0	-999.0	0	4.529184707178239	9.43548925160906	7.225970420871636	-2.06073132	-9.33343278	0.99807703
V*_CI_Hyi	234300677	67	SPOC	120	5.26399994	1279.7464599609375	0.0911797119260633	0.0	10.097105567494555	-1.4115190874573986	2.187830100299499	5.88762907788073	xAGB	0	0	1	-999.0	-999.0	0	4.2094764896138255	9.209619370480198	6.524615538192752	-2.15371921	-9.06603037	0.99806923
V*_CI_Hyi	234300677	69	SPOC	120	5.26399994	1782.2235107421875	0.058159149288501	0.0	9.3982416720394	-1.502525745741425	2.084412852252979	6.12846385865395	xAGB	0	0	1	-999.0	-999.0	0	3.269777813385451	6.815566898232276	4.536073286963291	-1.98999397	-6.50683814	0.99831313
V*_CI_Hyi	234300677	1	TESS-SPOC	1800	5.26399994	1334.9368896484375	0.068365674355193	9.5290428132573e-87	9.182658112960018	-1.2462815766673088	2.328775481624951	5.601548256073747	xAGB	0	0	1	-999.0	-999.0	0	3.581109856886271	8.339600831722185	6.691586386138497	-2.25454735	-8.07378172	0.99774277
V*_CI_Hyi	234300677	2	TESS-SPOC	1800	5.26399994	414.7851257324219	0.1152454991886955	6.94747322708967e-150	7.728636717415241	-1.3283814746071554	2.136226504506636	4.094259078680294	xAGB	0	0	1	-999.0	-999.0	0	3.6343776387349465	7.763853839251837	5.844596591914876	-2.07212433	-7.53088235	0.9978931
V*_CI_Hyi	234300677	27	TESS-SPOC	600	5.26399994	932.7578125	0.2587529284061423	1.6490191830216868e-215	8.530403933035219	-1.3394654119025589	2.2433828298139296	4.008749716307957	xAGB	0	0	1	-999.0	-999.0	0	4.521654216727262	10.143801432161691	7.573022298316438	-2.21890774	-10.03313356	0.99768281
V*_CI_Hyi	234300677	29	TESS-SPOC	600	5.26399994	1187.178955078125	0.2321302342770805	7.203360223083536e-146	8.723211845173214	-1.5812285138042053	2.0589657922462528	4.722439400423464	xAGB	0	0	1	-999.0	-999.0	0	4.00077244474975	8.237453606301147	5.209527613743211	-2.01823209	-8.07448733	0.99798089
V*_CI_Hyi	234300677	69	TESS-SPOC	200	5.26399994	2588.469482421875	0.362086083427851	2.076202120575302e-153	9.39407398814222	-1.7148780867384734	2.128105713873911	4.925527678009284	xAGB	0	0	1	-999.0	-999.0	0	4.468546310132935	9.50953893530408	5.545314858731604	-2.10343295	-9.39928755	0.99821597
V*_CI_Hyi	234300677	67	TESS-SPOC	200	5.26399994	839.22412109375	0.1022888310308153	0.0	8.69688548206508	-1.591385230082203	1.8969747562401176	4.338724778322313	xAGB	0	0	1	-999.0	-999.0	0	4.358160703742766	8.267320838637692	5.195046857517111	-1.87202101	-8.1585684	0.99796873
V*_EY_Hya	393806122	34	SPOC	120	4.68690014	564.310302734375	0.1959106876011974	0.0	8.342299531335362	-1.534599659425807	1.638131375791595	4.049157872854418	xAGB	0	2	1	-14.3530999	-1.3153235	1	4.293141658480944	7.032730051475598	4.58277832155065	-1.61491957	-6.93307847	0.99918795
V*_EY_Hya	393806122	61	SPOC	120	4.68690014	692.6068115234375	0.1174887663902666	0.0	8.3220936573049	-1.4613151700327984	1.6541883501645929	5.140062575985339	xAGB	0	0	1	-14.3530999	-1.3153235	1	3.1820310813195603	5.263678744580459	3.6020147142264447	-1.57149633	-5.00055016	0.99928969
V*_EY_Hya	393806122	88	SPOC	20	4.68690014	728.0770263671875	0.2515318442937082	0.0	10.010080064309562	-1.886478384812992	2.238153636352139	5.810835898796723	xAGB	0	1	1	-14.3530999	-1.3153235	1	4.199244165512839	9.398553598973065	4.982062701929527	-2.20284791	-9.25029624	0.99953163
V*_EY_Hya	393806122	88	SPOC	120	4.68690014	791.3759765625	0.1556940928709296	0.0	9.474755957444042	-1.3896985896526326	1.8519677240294252	4.843302912147912	xAGB	0	0	1	-14.3530999	-1.3153235	1	4.63145304529613	8.577301555246226	6.172058904794743	-1.8341506	-8.49478237	0.99953181
V*_EY_Hya	393806122	34	TESS-SPOC	600	4.68690014	502.1578369140625	0.2861557087595937	3.960137720254212e-165	8.576018069065974	-1.5397348497013152	2.2434417737202064	5.182721202142666	xAGB	0	0	0	-14.3530999	-1.3153235	1	3.393296866923308	7.612663941889644	4.944139533742698	-2.15501892	-7.31261896	0.99910825
V*_EY_Hya	393806122	61	TESS-SPOC	200	4.68690014	687.5833740234375	0.0818416118664506	2.5100438399800675e-250	9.379715998616351	-1.4560442226964552	2.107647060767178	5.71426515567417	xAGB	0	0	1	-14.3530999	-1.3153235	1	3.6654508429421817	7.725476695513664	5.305798117317355	-2.04659235	-7.50168365	0.99921083
V*_Y_Gem	70580781	44	SPOC	120	5.04510021	168.33250427246094	0.1053676434392133	0.0	7.6426483724319905	-1.3258381592673298	2.1491886862361818	4.191415848679848	xAGB	0	1	1	-9.9348998	-4.5579565	1	3.451232523752142	7.417349893618448	5.594461014545956	-2.06984365	-7.14351171	0.99828333
V*_Y_Gem	70580781	45	SPOC	120	5.04510021	1245.5789794921875	0.1626404021031003	0.0	8.590552528693603	-2.109036104383966	1.9191823885888573	4.126194124235619	xAGB	0	1	1	-9.9348998	-4.5579565	1	4.464358404457984	8.567918026184413	4.062480489724494	-1.89682492	-8.46810629	0.99838978
V*_Y_Gem	70580781	46	SPOC	120	5.04510021	1027.8857421875	0.073723330385525	0.0	9.048692072519398	-1.729749400214153	1.7215611486017095	4.885016704415421	xAGB	0	1	1	-9.9348998	-4.5579565	1	4.163675368103976	7.168021749117727	4.143965448538549	-1.69327865	-7.05026261	0.9992488
V*_Y_Gem	70580781	71	SPOC	120	5.04510021	2045.179443359375	0.1079959406281437	0.0	9.807901686759084	-1.6826736814322163	1.9337648616852348	5.6834099015492665	xAGB	0	0	1	-9.9348998	-4.5579565	1	4.124491785209816	7.975797286548147	4.739954855512749	-1.90054294	-7.83877373	0.99911106
V*_Y_Gem	70580781	44	TESS-SPOC	600	5.04510021	359.5907592773437	0.1550235976614756	6.042859679228558e-262	7.744105363502784	-1.4326839071867423	2.096298899915451	3.652080464460249	xAGB	0	0	1	-9.9348998	-4.5579565	1	4.092024899042535	8.5781072942895	5.987438856023522	-2.05892534	-8.42517376	0.99823171
V*_Y_Gem	70580781	45	TESS-SPOC	600	5.04510021	1735.726806640625	0.3651277408775253	6.487016801940903e-163	9.32961357499826	-1.3831949022934538	2.2396644791936784	4.647032784399849	xAGB	0	0	1	-9.9348998	-4.5579565	1	4.682580790598411	10.487409867657911	7.58201888271053	-2.21934356	-10.39225552	0.9983362
V*_Y_Gem	70580781	46	TESS-SPOC	600	5.04510021	2959.7890625	0.346549623494436	8.399667187016691e-164	9.718784998398275	-1.3809194085548888	2.2095552899429127	5.100457886795093	xAGB	0	0	1	-9.9348998	-4.5579565	1	4.618327111603183	10.204449100129583	7.389605097091354	-2.18797585	-10.10478819	0.99919653
V*_Y_Gem	70580781	71	TESS-SPOC	200	5.04510021	1462.035888671875	0.0827750383083117	0.0	10.87693931513342	-1.462632366551482	2.1907946195632904	6.726264214453059	xAGB	0	0	1	-9.9348998	-4.5579565	1	4.150675100680361	9.093276678125852	6.217062391122592	-2.15426519	-8.94165489	0.99905974
CD-38_3905	132636906	61	TESS-SPOC	200	8.40380001	446.104248046875	0.4654703878699087	1.6173525476127865e-83	7.027333389582636	-1.6775749511529985	1.689336504834927	4.8568913870589085	xAGB	0	1	1	-999.0	-999.0	0	2.1704420025237274	3.666606906490353	2.1856590693430964	-1.43355223	-3.11144198	0.89501691
CD-38_3905	132636906	62	TESS-SPOC	200	8.40380001	456.8168640136719	1.4531038453361638	3.7820056196043706e-39	6.636728181771527	-2.0876513721836387	2.028603197523053	4.865660263106476	xAGB	0	1	1	-999.0	-999.0	0	1.7710679186650502	3.592794042834419	1.7209741486081718	-1.56480905	-2.77138311	0.91357285
IRAS_08427+0338	350315597	61	TESS-SPOC	200	11.32330036	2559.307861328125	0.0716764686978897	4.867414743836003e-280	9.076718605080384	-1.610639821701528	1.6633051618467356	6.338321552732364	xAGB	0	0	1	-999.0	-999.0	0	2.7383970523480192	4.554789952356346	2.827938246022336	-1.5270827	-4.18175877	0.97970378
V*_DH_Eri	178804201	5	SPOC	120	5.14340019	1459.7225341796875	0.1209507497794119	0.0	9.020359504238767	-1.8665559813883872	1.982017533721251	4.582100541970915	xAGB	0	0	1	-13.0465998	-1.923621	1	4.438258962267852	8.796707082410366	4.712801100059787	-1.958228	-8.69112298	0.99986488
V*_DH_Eri	178804201	31	SPOC	120	5.14340019	802.8324584960938	0.2654534205725245	0.0	8.53179446407103	-1.686565548177844	1.892899727941988	4.289671059294357	xAGB	0	0	1	-13.0465998	-1.923621	1	4.242123404776673	8.029914238798103	4.761104154815434	-1.86446759	-7.9093016	0.99986559
V*_DH_Eri	178804201	32	SPOC	120	5.14340019	253.34341430664065	0.1778478295099829	0.0	7.298611526062946	-1.660908323232606	1.8028909166958764	4.313583037232321	xAGB	0	0	1	-13.0465998	-1.923621	1	2.985028488830625	5.381680748591153	3.2402033714400638	-1.69055588	-5.04635746	0.99987185
V*_DH_Eri	178804201	5	TESS-SPOC	1800	5.14340019	4439.22021484375	0.0783682310409602	1.910059011615945e-146	9.731973691962946	-1.2894250249766614	2.844171226986032	6.42512148547865	xAGB	0	0	0	-13.0465998	-1.923621	1	3.306852206484296	9.405253897577904	7.294145619477286	-2.7206009	-8.9966251	0.99980348
V*_DH_Eri	178804201	31	TESS-SPOC	600	5.14340019	675.0152587890625	0.1101922570264129	4.488954789143982e-288	8.657894211934439	-1.1967530262115356	2.019694378468543	4.425445557107403	xAGB	0	1	0	-13.0465998	-1.923621	1	4.232448654827036	8.548252755310912	7.142871225796208	-1.98902054	-8.41842731	0.99981618
V*_DH_Eri	178804201	32	TESS-SPOC	600	5.14340019	984.0619506835938	0.0541217888498443	0.0	8.863346880419298	-1.2911133206103436	2.243038989707433	5.285287152539382	xAGB	0	0	1	-13.0465998	-1.923621	1	3.578059727879916	8.02572747713662	6.216129404770331	-2.17129623	-7.7690276	0.99981272
HD_165774	330960059	13	SPOC	120	6.05959988	232.923828125	0.0947333011353112	0.0	7.951058450648277	-1.3608348967764732	2.4266045096287967	4.543255311331238	xAGB	0	0	1	-999.0	-999.0	0	3.4078031393170383	8.269390465793895	6.076703709893326	-2.33251522	-7.9487527	0.99235117
HD_165774	330960059	13	TESS-SPOC	1800	6.05959988	246.8985290527344	0.0987671547840561	5.760748876737096e-120	7.013853204600099	-1.2275721418631702	2.6860697887926275	4.009754414146745	xAGB	0	0	1	-999.0	-999.0	0	3.0040987904533534	8.069219003585227	6.573315513121714	-2.52222554	-7.57701469	0.98787075
HD_165774	330960059	66	TESS-SPOC	200	6.05959988	353.147216796875	0.0980894399559927	0.0	8.824691505309309	-1.342956734402523	2.329844278387529	4.567509378510418	xAGB	0	0	1	-999.0	-999.0	0	4.257182126798891	9.918571420176049	7.385622459824655	-2.29544606	-9.77213195	0.98712981
V*_RW_And	267942318	17	SPOC	120	6.78989983	3368.366455078125	0.128190527297741	0.0	9.936908245765313	-1.5923083201904609	1.710574922432616	5.837131564174441	xAGB	0	1	1	-14.4501002	0.8667315	1	4.09977668159087	7.012975179103351	4.40428219219787	-1.68034673	-6.88904635	0.99914807
V*_RW_And	267942318	17	TESS-SPOC	1800	6.78989983	5296.49267578125	0.081794109310661	8.625092711885121e-55	10.707139576421008	-1.268887368726667	2.326011440184299	7.545652480620438	xAGB	0	0	1	-14.4501002	0.8667315	1	3.1614870958005703	7.353655152827161	5.795356888300165	-2.20702539	-6.9774823	0.99898219
V*_RW_And	267942318	57	TESS-SPOC	200	6.78989983	431.2020568847656	0.0765030769635885	0.0	9.469568881633592	-1.2796385203007803	2.141311096816092	4.729886423489617	xAGB	0	0	1	-14.4501002	0.8667315	1	4.739682458143976	10.149134643008267	7.931251272916278	-2.12311345	-10.06288357	0.99894333
WRAY_18-305	212203684	66	TESS-SPOC	200	8.85459995	641.5591430664062	0.0963635784473533	0.0	8.816017920251953	-1.3810389876708713	2.49451253006877	5.277701621014916	xAGB	0	0	1	-999.0	-999.0	0	3.538316299237037	8.826374343793349	6.39111163594235	-2.41105449	-8.53107339	0.94545567
HD_187372	272841269	15	SPOC	120	4.39794016	572.6040649414062	0.0940709986393781	0.0	9.199918382060329	-1.283711583707537	2.1512032449448157	5.278049009457439	xAGB	0	0	1	-12.1120598	-3.4307311	1	3.921869372602888	8.43673812059302	6.572144574894737	-2.10464194	-8.25413077	0.99902153
HD_187372	272841269	14	SPOC	120	4.39794016	416.2151794433594	0.0521411681799297	0.0	8.912620795043903	-1.2909787535160635	2.636974219737251	5.5842749923936505	xAGB	0	0	1	-12.1120598	-3.4307311	1	3.3283458026502526	8.776762075959404	6.798533323693614	-2.52514553	-8.40455752	0.99875683
HD_187372	272841269	41	SPOC	120	4.39794016	257.7701416015625	0.1053123191547766	0.0	8.609218828113749	-1.3329299352277175	2.377736004224684	4.255386605684967	xAGB	0	0	1	-12.1120598	-3.4307311	1	4.353832222428782	10.352263631622488	7.76654748162281	-2.34630287	-10.21540902	0.99903953
HD_187372	272841269	56	SPOC	120	4.39794016	251.5575408935547	0.1094031199653505	0.0	8.644652289052003	-1.5140083710045695	2.661191953514163	3.7789018229178777	xAGB	0	1	1	-12.1120598	-3.4307311	1	4.865750466134125	12.94869598828392	8.552592070341229	-2.64162028	-12.85346509	0.99698013
HD_187372	272841269	55	SPOC	120	4.39794016	200.6715240478516	0.101243002507586	0.0	8.20532781738602	-1.3186820539531974	2.280284341505442	3.894054502813528	xAGB	0	1	1	-12.1120598	-3.4307311	1	4.311273314572492	9.83092903116992	7.455117025137615	-2.24863626	-9.69448548	0.99870211
HD_187372	272841269	54	SPOC	120	4.39794016	468.7510681152344	0.1029375109981608	0.0	8.555563130470007	-1.642589825503636	2.5626358179427013	4.180894036044069	xAGB	0	1	1	-12.1120598	-3.4307311	1	4.374669094425938	11.21068371302287	6.825004964088069	-2.52955616	-11.06597114	0.99874818
HD_187372	272841269	82	SPOC	120	4.39794016	191.6159210205078	0.1044383682476402	0.0	8.393915325756822	-1.3922428781568714	2.1760961858617263	3.984387629034216	xAGB	0	0	1	-12.1120598	-3.4307311	1	4.409527696722606	9.595556402289704	6.8921569309751725	-2.14910426	-9.47653474	0.99875528
HD_187372	272841269	74	SPOC	120	4.39794016	206.4999847412109	0.0861303329621205	0.0	8.662815952782712	-1.3745413372091528	2.5076335179172218	3.691243325725211	xAGB	0	0	1	-12.1120598	-3.4307311	1	4.971572627057501	12.466882156369165	9.069848842583175	-2.49129966	-12.38567721	0.9989869
HD_187372	272841269	75	SPOC	120	4.39794016	138.88316345214844	0.0848459259853733	0.0	8.420928494806118	-1.3929256462875526	2.349303541569811	3.564068764381138	xAGB	0	0	1	-12.1120598	-3.4307311	1	4.856859730424979	11.410237765595202	8.191562698271762	-2.33184854	-11.32546128	0.99918234
HD_187372	272841269	15	TESS-SPOC	1800	4.39794016	347.8985290527344	0.0808997656350358	3.55001457163774e-161	7.737428345620879	-1.2922602824498588	2.396231244145496	4.282879334389403	xAGB	0	0	1	-12.1120598	-3.4307311	1	3.4545490112314763	8.277898275144793	6.405751525111958	-2.30809656	-7.9734327	0.99863845
HD_187372	272841269	14	TESS-SPOC	1800	4.39794016	673.9664306640625	0.1381016941227915	3.748791321257489e-134	8.13536098174835	-1.1968108427963884	2.800457952581343	4.358193696432113	xAGB	0	0	1	-12.1120598	-3.4307311	1	3.7771672853162377	10.57779816239394	8.838320797360561	-2.72899804	-10.30788211	0.99830389
HD_187372	272841269	41	TESS-SPOC	600	4.39794016	613.8910522460938	0.0922108997432435	0.0	8.833780171635828	-1.0673241137572929	2.425559192551779	4.701234865271299	xAGB	0	1	0	-12.1120598	-3.4307311	1	4.132545306364529	10.02373325648919	9.391461438271756	-2.38426957	-9.853102	0.99884444
HD_187372	272841269	56	TESS-SPOC	200	4.39794016	610.8635864257812	0.1040295487545508	0.0	9.194864845603083	-1.5999696868070337	2.1629125961662483	4.804086229891821	xAGB	0	0	0	-12.1120598	-3.4307311	1	4.390778615711264	9.496870374899297	5.935656439748961	-2.13550252	-9.37651881	0.99661297
HD_187372	272841269	55	TESS-SPOC	600	4.39794016	408.35247802734375	0.1583639233107536	0.0	7.710278873713915	-1.2516346603224608	2.7324367105619007	3.3548944356512647	xAGB	0	1	1	-12.1120598	-3.4307311	1	4.35538443806265	11.9008123271724	9.508215699384971	-2.69637858	-11.74376529	0.99848336
HD_187372	272841269	54	TESS-SPOC	600	4.39794016	510.97076416015625	0.083919446042711	0.0	8.887342362370138	-1.1922492147269437	2.243490361085982	4.69188640218764	xAGB	0	1	0	-12.1120598	-3.4307311	1	4.195455960182498	9.412465007030168	7.894712691579226	-2.207947	-9.26334442	0.99856669
V*_R_Aqr	92138849	2	SPOC	120	5.35629988	1334.070556640625	0.131359028604996	0.0	8.532332216845424	-1.3824183729337214	1.5623905989700468	5.792180478884853	xAGB	0	1	0	-8.1437001	-5.7065845	1	2.740151737960571	4.281187315141032	3.096882534956217	-1.43468014	-3.93124127	0.99993277
V*_R_Aqr	92138849	29	SPOC	120	5.35629988	789.39990234375	0.1767416372706262	0.0	8.038390752104805	-1.7314942350173126	1.6205007902929462	5.332909324012994	xAGB	0	1	1	-8.1437001	-5.7065845	1	2.7054814280918107	4.384234792345668	2.53205278058684	-1.48288519	-4.01191834	0.99995214
V*_R_Aqr	92138849	70	SPOC	20	5.35629988	2674.57080078125	0.3049621999824059	0.0	10.274303431669418	-1.3976136539407935	2.231972691752337	6.5032279243722	xAGB	0	0	1	-8.1437001	-5.7065845	1	3.771075507297218	8.416937550823482	6.022363567421219	-2.17462332	-8.20066872	0.99994648
V*_R_Aqr	92138849	69	SPOC	120	5.35629988	636.128173828125	0.0897435441720221	0.0	8.011714927184448	-1.3441558990599871	1.6426473784601503	5.313442162701902	xAGB	0	1	1	-8.1437001	-5.7065845	1	2.698272764482546	4.432310682947677	3.2974677163916324	-1.50204049	-4.05291494	0.99995428
V*_R_Aqr	92138849	70	SPOC	120	5.35629988	1784.821044921875	0.081728089106215	0.0	9.717995941029708	-1.3540799250853728	2.272297573668204	6.147635625459792	xAGB	0	0	1	-8.1437001	-5.7065845	1	3.570360315569916	8.112921082190763	5.99146396892285	-2.19898249	-7.85115982	0.99994648
V*_R_Aqr	92138849	2	TESS-SPOC	1800	5.35629988	829.6778564453125	0.0877372049462415	1.3410746695358048e-95	8.88899015214534	-1.213608960245411	2.2831724705344154	5.266346640823932	xAGB	0	0	1	-8.1437001	-5.7065845	1	3.622643511321408	8.271119935609168	6.81530888988873	-2.21374342	-8.01960323	0.99990934
V*_R_Aqr	92138849	29	TESS-SPOC	600	5.35629988	1063.9197998046875	0.0966851909153758	4.567900236562304e-89	8.012135949307202	-1.627978718597161	2.100298975132316	4.868400033569436	xAGB	0	0	1	-8.1437001	-5.7065845	1	3.143735915737767	6.602785321910684	4.055817957866393	-1.99070024	-6.25823585	0.9999243
V*_R_Aqr	92138849	69	TESS-SPOC	200	5.35629988	601.1389770507812	0.0585077555328732	0.0	8.983116728385735	-1.111804367705794	1.861896774958944	5.412793688496139	xAGB	0	2	1	-8.1437001	-5.7065845	1	3.570323039889596	6.647572953532052	5.9790851220069445	-1.80182063	-6.43308171	0.99993169
V*_R_Aqr	92138849	70	TESS-SPOC	200	5.35629988	1286.9677734375	0.0779587748593592	0.0	9.88819182673623	-1.4201491774982866	2.1778801714754663	5.665253481976302	xAGB	0	0	1	-8.1437001	-5.7065845	1	4.222938344759928	9.197053686416076	6.476118024880644	-2.14444258	-9.05584879	0.99992198
V*_R_UMa	310965252	20	SPOC	120	4.87960005	562.7738037109375	0.0778917767411026	0.0	7.503250135336454	-1.245083414103102	1.7134734157036675	5.22631442504208	xAGB	0	1	1	-14.5903999	-0.929224	1	2.276935710294373	3.901468808855757	3.133499944392229	-1.48179039	-3.37394146	0.99992168
V*_R_UMa	310965252	14	SPOC	120	4.87960005	2124.425048828125	0.1303534461706489	0.0	10.75571574657673	-1.2924027766955215	1.8962325925939172	6.433768430435423	xAGB	0	0	1	-14.5903999	-0.929224	1	4.321947316141307	8.195417364340953	6.341225438477776	-1.87023398	-8.08305275	0.99985445
V*_R_UMa	310965252	21	SPOC	120	4.87960005	3309.52587890625	0.1225060983085844	0.0	11.052132018089235	-1.2099308275150151	2.024464056936468	6.882530766559262	xAGB	0	0	0	-14.5903999	-0.929224	1	4.169601251529973	8.441207865479743	6.97660368139929	-1.99142962	-8.30346744	0.99991697
V*_R_UMa	310965252	47	SPOC	120	4.87960005	773.8316040039062	0.0717536488343983	0.0	11.438082548668463	-1.248478852641225	2.021594902049992	5.915984143981908	xAGB	0	0	1	-14.5903999	-0.929224	1	5.522098404686555	11.163445983532734	8.941638026079382	-2.01459774	-11.12480696	0.99992347
V*_R_UMa	310965252	41	SPOC	120	4.87960005	342.4912109375	0.0733420948204592	0.0	7.654714499681738	-1.2998410685403246	1.7443256997483572	4.633707496066263	xAGB	0	1	0	-14.5903999	-0.929224	1	3.021007003615475	5.269620155526251	4.054049593496725	-1.63991361	-4.95419051	0.99992013
V*_R_UMa	310965252	40	SPOC	120	4.87960005	6569.09228515625	0.1294350172367511	0.0	12.05987709524142	-1.1263405899025496	2.043501873830344	6.688468862275082	xAGB	0	0	1	-14.5903999	-0.929224	1	5.371408232966338	10.976482789174447	9.74526079196358	-2.03509169	-10.93130827	0.99991584
V*_R_UMa	310965252	48	SPOC	120	4.87960005	435.7325744628906	0.1192138784605429	0.0	8.098830413080824	-1.5138130418175824	1.8451276101174412	4.779839404297995	xAGB	0	0	1	-14.5903999	-0.929224	1	3.318991008782829	6.1239619480367375	4.04538855120703	-1.76605077	-5.86150664	0.99992579
V*_R_UMa	310965252	75	SPOC	120	4.87960005	2043.5692138671875	0.050547491169854	0.0	10.112644964003344	-1.2294531135265754	2.112356625238798	6.2511627398099625	xAGB	0	1	1	-14.5903999	-0.929224	1	3.8614822241933817	8.156827559516742	6.6345169813915215	-2.06338298	-7.9677167	0.99992323
V*_R_UMa	310965252	74	SPOC	120	4.87960005	1766.0946044921875	0.0524257534944171	0.0	10.289349730763648	-1.278287210171803	2.107328622958468	6.098763125206148	xAGB	0	0	1	-14.5903999	-0.929224	1	4.190586605557499	8.830943100877684	6.9084185702607455	-2.07375628	-8.69025528	0.99991935
V*_R_UMa	310965252	14	TESS-SPOC	1800	4.87960005	3916.214599609375	0.0728402585833685	2.3230006077020835e-58	10.343473104847522	-1.0769848870415109	2.03478366170523	7.120262353098579	xAGB	0	0	0	-14.5903999	-0.929224	1	3.223210751748943	6.558536575891382	6.089720157455276	-1.93766055	-6.24548832	0.99983203
V*_R_UMa	310965252	20	TESS-SPOC	1800	4.87960005	1547.9189453125	0.1275153618792727	9.045607342129546e-167	8.531629895902737	-1.283082201096793	2.5217121079612994	5.591120471236036	xAGB	0	0	0	-14.5903999	-0.929224	1	2.9405094246667014	7.415118219756335	5.779145103421908	-2.35660476	-6.9296185	0.99989998
V*_R_UMa	310965252	21	TESS-SPOC	1800	4.87960005	1715.156005859375	0.1282454757687895	1.6657662927093955e-90	9.333332879235469	-1.3300993312285687	3.2383228453164814	7.0662269689534805	xAGB	0	0	0	-14.5903999	-0.929224	1	2.2671059102819884	7.34162086201818	5.519603453402963	-2.79584299	-6.33847217	0.9998951
V*_R_UMa	310965252	40	TESS-SPOC	600	4.87960005	9029.552734375	0.2643064376620011	1.400624025214007e-225	10.94252269132038	-1.372153623469082	2.139061046348901	6.314511560087036	xAGB	0	0	1	-14.5903999	-0.929224	1	4.628011131233343	9.899598332890358	7.214642853080963	-2.11840058	-9.80398148	0.99988782
V*_R_UMa	310965252	41	TESS-SPOC	600	4.87960005	301.1967468261719	0.073372757736831	0.0	8.300123594804795	-1.327050575271825	2.2421370235950757	4.508727023731532	xAGB	0	0	1	-14.5903999	-0.929224	1	3.791396571073263	8.50083062313478	6.405807571722368	-2.18584172	-8.28739281	0.99990004
V*_R_UMa	310965252	47	TESS-SPOC	600	4.87960005	1557.4439697265625	0.071847863916994	7.61609862747212e-139	10.747939257905486	-1.2692597026840078	2.0609472320809576	6.566901979513013	xAGB	0	0	1	-14.5903999	-0.929224	1	4.181037278392473	8.616897206130268	6.788915765551184	-2.02775378	-8.47811415	0.99989533
V*_R_UMa	310965252	48	TESS-SPOC	600	4.87960005	832.76904296875	0.1331906082379028	5.2531851211e-313	8.73398531078105	-1.2812651947603098	2.5354178235477107	4.706032549567755	xAGB	0	1	1	-14.5903999	-0.929224	1	4.027952761213294	10.2125432231884	7.970670915710696	-2.48678855	-10.01666679	0.99990416
V*_RX_Pup	182401518	35	SPOC	120	10.90139961	2673.260986328125	0.1853775321391191	0.0	9.796114099797965	-1.5465635820344965	2.727828591912421	6.493998547773416	xAGB	0	0	1	-999.0	-999.0	0	3.3021155520245475	9.007605216611228	5.824270868166811	-2.6086794	-8.61416081	0.93977612
V*_RX_Pup	182401518	88	SPOC	120	10.90139961	1867.3427734375	0.2556605649674364	0.0	9.14657672641926	-1.7528405383296788	2.398383667159172	5.9667773986093975	xAGB	0	0	1	-999.0	-999.0	0	3.179799327809863	7.626378772662888	4.350868550729798	-2.27818918	-7.24418442	0.9426353
V*_RX_Pup	182401518	89	SPOC	120	10.90139961	2064.788330078125	0.2204462489261303	0.0	9.08281552226331	-1.921661356711303	2.746147113943614	5.984747560174354	xAGB	0	0	1	-999.0	-999.0	0	3.0980679620889564	8.507750392891761	4.42728910751048	-2.59532879	-8.04050498	0.93497419
V*_RX_Pup	182401518	35	TESS-SPOC	600	10.90139961	3176.462158203125	0.3955399604057201	3.568627756068397e-140	9.248678037230729	-1.5073914406762547	2.467216042515198	5.840178441009132	xAGB	0	0	1	-999.0	-999.0	0	3.4084995962215947	8.409504884704493	5.578846116395468	-2.37162724	-8.0836905	0.90879512
CD-57_3057	463038319	36	SPOC	120	6.92519999	3683.45751953125	0.0572915738500796	0.0	9.273283615266635	-1.9590180146134173	1.626023818320648	3.969412772091588e-11	xAGB	0	0	1	-999.0	-999.0	0	9.27328361522694	15.078580032401614	7.697009379149147	-1.62594874	-15.07788383	0.98328108
CD-57_3057	463038319	37	SPOC	120	6.92519999	4172.00537109375	0.3001015578395531	1.545281595908501e-216	9.08056464549167	-2.1322804185131035	1.580928582684258	9.82648661971722e-17	xAGB	0	0	1	-999.0	-999.0	0	9.08056464549167	14.355724194969929	6.732568601357115	-1.58083746	-14.35489671	0.98377037
CD-57_3057	463038319	36	TESS-SPOC	600	6.92519999	4166.0517578125	0.057549985265915	1.561534616533164e-85	8.527761901024746	-1.9509184407610356	1.563029536842497	8.178270636931012e-10	xAGB	0	0	1	-999.0	-999.0	0	8.527761900206919	13.329143733183512	6.8322403718650255	-1.56285928	-13.32769186	0.98066157
CD-57_3057	463038319	37	TESS-SPOC	600	6.92519999	4544.20263671875	0.0594719309002829	3.473128840723e-312	8.780245629994925	-1.6114943237730122	1.3048608902535777	2.971296510273104e-14	xAGB	0	0	1	-999.0	-999.0	0	8.780245629994894	11.456999129400222	7.109549788903881	-1.30475461	-11.45606596	0.98119891
CD-57_3057	463038319	63	TESS-SPOC	200	6.92519999	3345.71826171875	0.0527789944820332	0.0	9.808270296996204	-1.300795899404757	1.5198814478896128	5.980034100483636	xAGB	0	0	1	-999.0	-999.0	0	3.828236196512568	5.8184651732189465	4.473003932347473	-1.48328582	-5.67836847	0.97955287
CD-57_3057	463038319	64	TESS-SPOC	200	6.92519999	3852.965576171875	0.1114757176209025	0.0	9.524211325556305	-1.4766276547921056	1.4334350599411587	1.248913551337943e-10	xAGB	0	0	1	-999.0	-999.0	0	9.524211325431413	13.652338432162038	9.24562017232716	-1.43338548	-13.65186623	0.98009497
V*_BI_Cru	311758230	37	SPOC	120	9.53369999	3845.961669921875	0.0815712143339129	0.0	11.427659006683156	-1.2356684767938024	2.0936374562313667	6.103836527616771	xAGB	0	0	1	-999.0	-999.0	0	5.323822479066386	11.146154152499918	9.020343532126772	-2.08453677	-11.0977037	0.87609148
V*_BI_Cru	311758230	38	SPOC	120	9.53369999	5273.7646484375	0.097394525138384	0.0	10.601752233962006	-1.387425930499992	1.8062670613524936	5.998343793916626	xAGB	0	1	1	-999.0	-999.0	0	4.6034084400453805	8.314985035206035	5.993101939654201	-1.78832222	-8.2323776	0.90304846
V*_BI_Cru	311758230	37	TESS-SPOC	600	9.53369999	10775.232421875	0.3496087573773819	6.840387462130778e-160	10.22126070424173	-1.43592350216354	2.312223990856593	4.753165432152771	xAGB	0	0	1	-999.0	-999.0	0	5.468095272088959	12.643461072413604	8.805107690878659	-2.30370847	-12.59689741	0.83227843
V*_BI_Cru	311758230	38	TESS-SPOC	600	9.53369999	10284.171875	0.2061448551742289	1.0698948064323955e-254	10.023226921867977	-1.704188507305235	2.0846971768121554	6.040813371856882	xAGB	0	0	1	-999.0	-999.0	0	3.982413550011093	8.302126284606599	4.871600910942897	-2.0425824	-8.13440783	0.86674744
V*_BI_Cru	311758230	64	TESS-SPOC	200	9.53369999	8184.291015625	0.0817468025005716	0.0	11.418831885350423	-1.4599261042210674	2.6691709565363566	6.82060944766039	xAGB	0	0	1	-999.0	-999.0	0	4.598222437690033	12.273441782376045	8.406892476879468	-2.64249536	-12.15078147	0.84981376
V*_BI_Cru	311758230	65	TESS-SPOC	200	9.53369999	11706.2216796875	0.0502834667914373	0.0	11.359099340435243	-1.4243108241194522	2.380846820320012	7.180161428755894	xAGB	0	0	1	-999.0	-999.0	0	4.178937911679349	9.94941103933653	6.985421209227646	-2.34240905	-9.788782	0.88149291
WRAY_16-147	329892320	38	SPOC	120	13.15330029	7117.39453125	0.1891684545190201	0.9999999999999865	7.530367361104414	-1.6863557468304784	2.1798516706523987	7.452302788373159	xAGB	0	0	1	-999.0	-999.0	0	0.0780645727312547	0.1701691892869914	0.1009094253136243	-0.42346525	-0.03305763	0.75697076
WRAY_16-147	329892320	38	TESS-SPOC	600	13.15330029	3635.853515625	0.8751708362609962	1.0	6.414341092084772	-2.4128341857727733	4.999999999999786	6.85195841705339	xAGB	0	0	1	-999.0	-999.0	0	-0.4376173249686177	-2.188086624842995	-0.906853292176065	-0.38822913	0.16989579	0.66590059
EM*_AS_373	171876171	41	SPOC	20	11.21310043	5933.74462890625	0.1504255600697387	2.707173450723869e-30	9.06477257627971	-1.4456264607923612	1.9463746090389724	7.299238026803665	xAGB	0	0	1	-999.0	-999.0	0	1.7655345494760448	3.436391618481235	2.377095129123271	-1.4989055	-2.64636944	0.82761461
EM*_AS_373	171876171	41	SPOC	120	11.21310043	2582.16552734375	0.1353947903914676	3.0147278521307086e-09	7.26229904860802	-1.6791252878566416	2.024087474277493	6.561761880518063	xAGB	0	0	1	-999.0	-999.0	0	0.7005371680899577	1.41794850719671	0.8444566450468286	-0.85178282	-0.59670553	0.82760882
EM*_AS_373	171876171	55	SPOC	20	11.21310043	6095.3935546875	0.0607419495664082	8.043895850926935e-109	9.542069100361422	-1.385448809185413	2.210056670835094	7.334892465765813	xAGB	0	0	1	-999.0	-999.0	0	2.2071766345956085	4.877985444999378	3.520870213795509	-1.88819668	-4.16758359	0.80274659
EM*_AS_373	171876171	54	SPOC	20	11.21310043	6180.7431640625	0.104839030346397	1.0261188728156304e-281	9.58628582601197	-1.3950523688813583	2.1336217205126786	7.362844343716918	xAGB	0	0	1	-999.0	-999.0	0	2.223441482295052	4.74398304091363	3.4005770297481064	-1.82821305	-4.06492472	0.8133651
EM*_AS_373	171876171	55	SPOC	120	11.21310043	2625.07373046875	0.1214921814829718	1.0696628510673558e-12	7.553984015241149	-1.5192189186538685	1.8284681432586631	6.591495008536001	xAGB	0	0	1	-999.0	-999.0	0	0.9624890067051473	1.7598804869970357	1.1584113819201316	-0.95557431	-0.91972977	0.8027423
EM*_AS_373	171876171	54	SPOC	120	11.21310043	2626.8095703125	0.1296248844649825	2.7526633601205613e-61	8.227269394050568	-1.4216011176053098	1.884075365109941	6.587775653515518	xAGB	0	0	1	-999.0	-999.0	0	1.63949374053505	3.088929767794037	2.172852658555408	-1.39332707	-2.28435101	0.81335694
EM*_AS_373	171876171	81	SPOC	20	11.21310043	6101.8447265625	0.1502308247277911	1.4223638461195803e-101	9.129534497971964	-1.479266776735255	2.328216307555768	7.328331438171115	xAGB	0	0	1	-999.0	-999.0	0	1.8012030598008506	4.193590337047687	2.8349114595157405	-1.81180488	-3.2634285	0.78600281
EM*_AS_373	171876171	75	SPOC	20	11.21310043	6267.3857421875	0.1949545306357108	1.2007638701353789e-85	9.366647491970026	-1.3854556089160086	2.404268444251861	7.35774025240339	xAGB	0	0	1	-999.0	-999.0	0	2.008907239566636	4.829952283519176	3.4861833554509687	-1.97310409	-3.96378308	0.83871847
EM*_AS_373	171876171	82	SPOC	20	11.21310043	5889.06201171875	0.1179689026151759	1.091507270602466e-58	8.807947382967626	-1.5582716055002834	2.035667498933824	7.290668794043944	xAGB	0	0	1	-999.0	-999.0	0	1.5172785889236815	3.088674710300112	1.982115761718248	-1.43895205	-2.18329113	0.81358725
EM*_AS_373	171876171	82	SPOC	120	11.21310043	2499.19677734375	0.1121751878941159	0.0036353083364848	6.879004883827975	-1.74132471619291	2.05986402312459	6.530630257473461	xAGB	0	0	1	-999.0	-999.0	0	0.3483746263545137	0.7176043593971345	0.4121025519961871	-0.58712282	-0.20453869	0.81357944
EM*_AS_373	171876171	81	SPOC	120	11.21310043	2662.501220703125	0.1126809557002162	3.915675090368008e-81	8.08949218897727	-1.4416153910605327	2.307200809151648	6.612528174665077	xAGB	0	0	1	-999.0	-999.0	0	1.476964014312192	3.407652568908956	2.363773715264025	-1.60451315	-2.36980818	0.78599739
EM*_AS_373	171876171	75	SPOC	120	11.21310043	2605.07861328125	0.0740142275594096	8.640862324329633e-26	7.903327391318525	-1.4348337773712652	2.4776401770894663	6.575622528958031	xAGB	0	1	1	-999.0	-999.0	0	1.327704862360494	3.2895749103014	2.2926522654966868	-1.61114839	-2.13912955	0.83871657
EM*_AS_373	171876171	41	TESS-SPOC	600	11.21310043	1254.04296875	0.206950443874107	1.0658165447054415e-26	7.0439615261803725	-1.5600909989640506	2.0083605616119877	5.908364235895259	xAGB	0	0	1	-999.0	-999.0	0	1.135597290285114	2.2806888116820625	1.461894731266645	-1.17664487	-1.33619473	0.76656371
EM*_AS_373	171876171	55	TESS-SPOC	600	11.21310043	1277.6956787109375	0.097596836106175	1.3744427942927663e-16	6.866134568391057	-1.630952812157919	1.893604938490448	5.925116886103059	xAGB	0	0	1	-999.0	-999.0	0	0.9410176822879972	1.781915730387387	1.0925611808656366	-0.97422435	-0.91676234	0.74156868
EM*_AS_373	171876171	54	TESS-SPOC	600	11.21310043	1390.404296875	0.185004048751511	1.964209356501217e-82	7.574608120704881	-1.477410990503341	2.232080303471469	5.975734720528335	xAGB	0	0	1	-999.0	-999.0	0	1.5988734001765463	3.568813824278525	2.4155863515423435	-1.62720091	-2.60168825	0.74729711
V*_RR_Tel	421990485	27	SPOC	120	10.88379955	1773.27880859375	0.0763076620767179	0.0	9.553945565094494	-1.5041889482809276	1.952121605891068	6.141786848837898	xAGB	0	0	1	-2.1462004	-5.0670471	1	3.412158716256596	6.660948752734032	4.42826598370274	-1.87680111	-6.40394325	0.97581053
V*_RR_Tel	421990485	67	SPOC	120	10.88379955	2808.430419921875	0.1144972366988415	0.0	10.5019562433568	-1.4278722700586748	2.0182213696773768	6.033120381315428	xAGB	0	0	1	-2.1462004	-5.0670471	1	4.468835862041374	9.019100034352522	6.316461369462624	-1.99483033	-8.91456934	0.99297309
V*_RR_Tel	421990485	27	TESS-SPOC	600	10.88379955	1287.4974365234375	0.2126162845784966	8.828683305983356e-174	8.176969035018729	-1.465700582777662	1.910675527007544	5.795402368311112	xAGB	0	0	1	-2.1462004	-5.0670471	1	2.3815666667076165	4.550401146015175	3.104591210158128	-1.67975472	-4.00044785	0.9685185
V*_RR_Tel	421990485	67	TESS-SPOC	200	10.88379955	2509.821044921875	0.0582996162204846	0.0	10.086468167296326	-1.4603470812622852	2.095046875867224	6.030558573952059	xAGB	0	0	1	-2.1462004	-5.0670471	1	4.055909593344267	8.49732072233581	5.81869942520168	-2.05612473	-8.33945601	0.98466408
V*_TW_Cen	112098802	64	TESS-SPOC	200	6.43349981	520.515869140625	0.0765373124270257	0.0	10.389434962360388	-1.4593263524513966	2.3322418841382304	6.73997704794225	xAGB	0	0	1	-999.0	-999.0	0	3.6494579144181367	8.511418602405731	5.832429866087275	-2.26344437	-8.26034497	0.98732853
V*_V1261_Ori	24603068	5	SPOC	120	4.71759987	826.5313110351562	0.1263339484068779	0.0	8.689154030729028	-1.723967692727136	1.7888584665044944	4.3477581884418015	xAGB	0	1	1	-9.5224001	-5.221644	1	4.341395842287227	7.766142708922917	4.50480756784815	-1.76487143	-7.66200549	0.99976796
V*_V1261_Ori	24603068	32	SPOC	120	4.71759987	539.3915405273438	0.1177910951275194	0.0	9.311005706670716	-1.4061801731432573	1.935348029292134	5.00954616565321	xAGB	0	0	1	-9.5224001	-5.221644	1	4.301459541017505	8.324821245788074	5.920166849728415	-1.90818427	-8.20797742	0.99976355
V*_V1261_Ori	24603068	5	TESS-SPOC	1800	4.71759987	2437.336181640625	0.0801288389753104	1.7501836894338046e-130	9.430138873735675	-1.3040241601283948	3.005312860595034	6.171334599130754	xAGB	0	0	0	-9.5224001	-5.221644	1	3.258804274604921	9.79372639663224	7.510387227540283	-2.86748926	-9.34458625	0.99970531
V*_V1261_Ori	24603068	32	TESS-SPOC	600	4.71759987	1152.322998046875	0.2900080192545373	2.2402204948066248e-153	8.349270035782373	-1.739547221014336	2.6406427638185948	5.12256917649049	xAGB	0	0	0	-9.5224001	-5.221644	1	3.226700859291883	8.520564275096353	4.898150606183592	-2.51509426	-8.11545682	0.99970472
